30308
33743
33784
36670
36991
37495
37802
37875
38181
38620
39169
39637
39826
40091
43838
44556
44642
45524
45812
46254
46438
46701
46830
48243
48560
49010
49097
49718
50492
51324
51351
51510
51545
52253
52449
53768
54396
54418
54559
54822
54823
55016
55080
55095
55478
55559
56071
56331
57216
57357
57540
57701
58117
58150
58611
58985
58995
59435
60311
60636
61218
61254
61589
61641
61959
62361
62382
62512
62608
63233
63948
64530
65125
65174
65207
65234
65556
65644
65823
65886
66267
66610
66683
66743
66787
67305
67344
67447
67672
67730
67804
67942
68313
68513
68638
68905
69208
69445
69606
69679
69738
69773
69897
69948
70266
70353
70466
70506
70702
71037
71038
71092
71160
71172
71275
71330
71404
72126
72214
72866
72895
73003
74780
75674
75998
76003
76016
76163
76393
76749
76812
76828
77018
77030
77034
77337
77467
77518
78052
78165
78272
78950
79008
79106
79200
79386
79652
79671
79723
79879
79927
79995
80418
81012
81062
81226
81505
81643
81925
82053
82054
82116
82162
82593
82692
83289
83455
83498
83555
83586
83854
84240
84631
85449
85464
85490
85721
86018
86030
86155
86215
86739
87116
87428
87578
87621
87671
87816
88317
88516
88525
88766
88873
88965
89353
89874
89899
90096
90103
90222
90270
90870
90936
91314
91763
92199
92299
93127
93208
93268
93320
93348
93791
93893
94017
94390
94792
94986
95004
95505
95631
95783
95946
96549
96569
96693
96736
98208
98306
98402
98562
98861
98892
99436
99813
99877
100024
100038
100716
100866
101268
101320
101414
101579
101787
101859
102206
102382
102519
102542
102967
102994
103038
103225
103295
103441
103464
103678
103904
104297
104698
104800
105458
105685
105768
105808
105937
106014
106140
106296
106516
106715
106779
106873
106953
107081
107859
107924
109311
109477
109740
109997
110215
110361
110474
110475
110478
110593
110769
111273
111360
111403
111987
111997
112689
112891
114040
114352
114378
114754
115004
115400
115426
115768
115833
116038
116682
117009
117211
117619
117963
118641
118679
119145
119585
120452
120769
121644
122743
123073
123372
123379
123456
123627
123651
123682
123829
124102
124257
124261
124321
124387
124723
125152
126244
127087
127131
127260
127963
128095
128679
129613
130399
130977
131233
131643
131853
131964
132289
132417
132644
133285
133405
134648
134877
135471
135685
136141
136691
136805
137220
137889
138576
138994
139083
139408
139786
140285
140439
140448
140460
140494
141026
141044
141194
141662
141829
142889
142979
143583
143630
143634
143952
144305
144416
144512
145019
145337
145382
145956
146200
146398
146886
146909
146970
147327
147434
147597
148007
148495
149062
149800
150012
150712
150927
151366
151774
152618
152699
153325
153696
153729
154660
155052
155295
155369
156113
156210
156716
157337
157432
157739
157950
159478
159862
160558
160782
161308
161569
161647
161670
161810
161862
162321
163048
163366
163400
164047
164627
166159
166846
171511
172723
173226
173325
175917
176376
177184
178290
178555
179574
181063
181108
183385
184074
184809
185086
185865
186096
187342
187435
189837
190723
190928
191664
193065
193664
194592
195006
195263
196109
196284
196523
196917
197050
198539
199223
200029
200307
202571
203761
203782
203929
203987
204750
206461
208131
208220
208693
209092
209577
209918
210683
210844
211139
211460
211725
211794
212411
212564
213315
214782
217154
218771
218840
219853
221235
221396
221804
222921
222997
223173
224142
225816
227835
229355
230592
230611
231811
233275
233861
234153
236820
237908
240019
240915
240977
242463
242732
243197
244031
246297
247582
248839
253403
255169
255844
255983
261091
262695
265395
266829
267000
270377
271406
271826
276146
276830
277049
277973
278050
278540
279205
279781
280647
281038
281401
281483
281666
282592
284536
285233
287704
289889
290037
291228
291522
293680
293955
294929
296539
298362
299212
300665
301809
303745
304315
305912
305919
306804
306882
307373
308175
309656
310301
311367
312603
316447
317347
317843
318234
318787
318960
319129
319302
319681
320016
320074
321362
323267
323367
323439
324123
325588
326397
327339
328010
328025
328418
328657
330268
331416
331606
332990
333218
333492
333526
335573
335659
335702
336341
338779
339887
340291
340671
341101
341760
342609
343081
343650
344325
344334
349710
350285
353152
355643
358165
358170
359270
360948
361558
362062
363452
368809
368932
369505
369801
369852
369853
370998
371613
372425
372663
374233
374624
374809
375222
375586
376060
376284
377112
378216
378519
379388
380638
382068
383387
383578
384527
385049
385482
385634
386764
390948
393342
394421
394925
395234
395847
403072
403970
404390
405153
405573
406599
409217
410940
412980
414943
416703
417598
424343
426347
428951
429526
430811
431030
431056
433117
433332
434293
436096
439666
440238
441818
442013
442372
443105
444375
444906
444941
445819
446015
446310
446871
447475
447884
448567
450168
451933
454686
455044
455594
455708
456409
456907
457163
457375
458513
459518
459937
461331
461382
462402
463639
464687
465901
465973
466126
466166
470136
470953
472967
473738
476342
477253
485516
486639
487159
487673
488155
488587
488692
489606
489837
490910
491174
492194
493693
494129
494632
495807
497778
497840
498612
499296
499994
500837
500898
501302
501539
503409
504811
505161
505846
505897
506072
506465
506743
508010
508226
508852
509220
509388
510378
511270
511399
512003
512125
512616
512630
512973
513056
513378
513756
514143
514327
517743
518393
518427
518538
519211
519647
520069
520360
520378
520598
521255
521969
522133
522298
522306
522336
522348
522452
523551
524135
524164
524289
524566
524581
524794
525037
525194
525293
526063
526494
526698
526773
526914
527566
527775
528176
528943
529068
529389
529460
529515
529546
530352
530385
530729
530769
530809
530899
530904
531103
531426
532096
532544
533046
533370
533889
533974
534151
534277
534600
534640
534942
535526
536341
536565
537355
537403
537935
539340
539567
540120
541284
542191
542399
542753
542858
542895
543216
544379
545161
547236
547787
548448
548701
549175
550867
550942
551337
552397
552529
552675
553470
553718
554034
554469
555005
559738
559746
561469
561765
562896
563593
563794
564457
565892
567158
567538
567878
568159
568583
569938
572109
572244
573198
573864
574560
575329
578217
578972
579360
579875
581660
582111
582653
582809
582885
583992
584166
584378
584654
585371
586482
587033
587922
588724
588857
589048
589139
589475
591484
592085
593204
593297
593528
594145
594691
594798
595731
595843
596521
596525
596754
596765
598060
598223
599345
600975
601572
602032
603137
603524
603742
603811
604156
604449
605829
606820
606999
607261
608716
609287
609408
609627
609973
610256
611399
611807
612044
612321
612844
613813
614491
614753
614823
615379
615703
615948
616448
616982
617704
617734
618170
618394
619989
620148
620319
623024
623243
623473
623682
624212
624227
624458
625946
626809
627558
627638
627809
627821
628485
628831
629125
630007
630064
630756
630989
632109
632783
633848
634127
634425
634497
634864
635072
635992
636109
637421
637475
638075
638617
638887
639333
639884
640726
642584
642994
643717
644166
644633
644635
645092
646610
647894
648132
648716
651741
651974
653325
655113
655595
655625
656318
656697
657829
659596
659843
660245
660606
660745
661624
662110
662695
663303
664703
665626
666779
668153
668478
668850
669084
669157
669335
669479
669756
670059
672201
673210
675537
676032
676746
677228
677636
678279
678386
679476
679479
680461
681446
682074
682487
683966
686565
687849
688049
690871
692378
692752
694801
696782
697216
697557
698192
699824
701048
701249
703042
703234
703460
705270
706629
707604
708976
710556
713470
713754
714133
714995
715006
717046
720149
722577
722818
723049
724166
733047
764201
858702
1099459
1473891
1548146
1957345
3804170
30308
33743
33784
36670
36991
37495
37802
37875
38181
38620
39169
39637
39826
40091
43838
44556
44642
45524
45812
46254
46438
46701
46830
48243
48560
49010
49097
49718
50492
51324
51351
51510
51545
52253
52449
53768
54396
54418
54559
54822
54823
55016
55080
55095
55478
55559
56071
56331
57216
57357
57540
57701
58117
58150
58611
58985
58995
59435
60311
60636
61218
61254
61589
61641
61959
62361
62382
62512
62608
63233
63948
64530
65125
65174
65207
65234
65556
65644
65823
65886
66267
66610
66683
66743
66787
67305
67344
67447
67672
67730
67804
67942
68313
68513
68638
68905
69208
69445
69606
69679
69738
69773
69897
69948
70266
70353
70466
70506
70702
71037
71038
71092
71160
71172
71275
71330
71404
72126
72214
72866
72895
73003
74780
75674
75998
76003
76016
76163
76393
76749
76812
76828
77018
77030
77034
77337
77467
77518
78052
78165
78272
78950
79008
79106
79200
79386
79652
79671
79723
79879
79927
79995
80418
81012
81062
81226
81505
81643
81925
82053
82054
82116
82162
82593
82692
83289
83455
83498
83555
83586
83854
84240
84631
85449
85464
85490
85721
86018
86030
86155
86215
86739
87116
87428
87578
87621
87671
87816
88317
88516
88525
88766
88873
88965
89353
89874
89899
90096
90103
90222
90270
90870
90936
91314
91763
92199
92299
93127
93208
93268
93320
93348
93791
93893
94017
94390
94792
94986
95004
95505
95631
95783
95946
96549
96569
96693
96736
98208
98306
98402
98562
98861
98892
99436
99813
99877
100024
100038
100716
100866
101268
101320
101414
101579
101787
101859
102206
102382
102519
102542
102967
102994
103038
103225
103295
103441
103464
103678
103904
104297
104698
104800
105458
105685
105768
105808
105937
106014
106140
106296
106516
106715
106779
106873
106953
107081
107859
107924
109311
109477
109740
109997
110215
110361
110474
110475
110478
110593
110769
111273
111360
111403
111987
111997
112689
112891
114040
114352
114378
114754
115004
115400
115426
115768
115833
116038
116682
117009
117211
117619
117963
118641
118679
119145
119585
120452
120769
121644
122743
123073
123372
123379
123456
123627
123651
123682
123829
124102
124257
124261
124321
124387
124723
125152
126244
127087
127131
127260
127963
128095
128679
129613
130399
130977
131233
131643
131853
131964
132289
132417
132644
133285
133405
134648
134877
135471
135685
136141
136691
136805
137220
137889
138576
138994
139083
139408
139786
140285
140439
140448
140460
140494
141026
141044
141194
141662
141829
142889
142979
143583
143630
143634
143952
144305
144416
144512
145019
145337
145382
145956
146200
146398
146886
146909
146970
147327
147434
147597
148007
148495
149062
149800
150012
150712
150927
151366
151774
152618
152699
153325
153696
153729
154660
155052
155295
155369
156113
156210
156716
157337
157432
157739
157950
159478
159862
160558
160782
161308
161569
161647
161670
161810
161862
162321
163048
163366
163400
164047
164627
166159
166846
171511
172723
173226
173325
175917
176376
177184
178290
178555
179574
181063
181108
183385
184074
184809
185086
185865
186096
187342
187435
189837
190723
190928
191664
193065
193664
194592
195006
195263
196109
196284
196523
196917
197050
198539
199223
200029
200307
202571
203761
203782
203929
203987
204750
206461
208131
208220
208693
209092
209577
209918
210683
210844
211139
211460
211725
211794
212411
212564
213315
214782
217154
218771
218840
219853
221235
221396
221804
222921
222997
223173
224142
225816
227835
229355
230592
230611
231811
233275
233861
234153
236820
237908
240019
240915
240977
242463
242732
243197
244031
246297
247582
248839
253403
255169
255844
255983
261091
262695
265395
266829
267000
270377
271406
271826
276146
276830
277049
277973
278050
278540
279205
279781
280647
281038
281401
281483
281666
282592
284536
285233
287704
289889
290037
291228
291522
293680
293955
294929
296539
298362
299212
300665
301809
303745
304315
305912
305919
306804
306882
307373
308175
309656
310301
311367
312603
316447
317347
317843
318234
318787
318960
319129
319302
319681
320016
320074
321362
323267
323367
323439
324123
325588
326397
327339
328010
328025
328418
328657
330268
331416
331606
332990
333218
333492
333526
335573
335659
335702
336341
338779
339887
340291
340671
341101
341760
342609
343081
343650
344325
344334
349710
350285
353152
355643
358165
358170
359270
360948
361558
362062
363452
368809
368932
369505
369801
369852
369853
370998
371613
372425
372663
374233
374624
374809
375222
375586
376060
376284
377112
378216
378519
379388
380638
382068
383387
383578
384527
385049
385482
385634
386764
390948
393342
394421
394925
395234
395847
403072
403970
404390
405153
405573
406599
409217
410940
412980
414943
416703
417598
424343
426347
428951
429526
430811
431030
431056
433117
433332
434293
436096
439666
440238
441818
442013
442372
443105
444375
444906
444941
445819
446015
446310
446871
447475
447884
448567
450168
451933
454686
455044
455594
455708
456409
456907
457163
457375
458513
459518
459937
461331
461382
462402
463639
464687
465901
465973
466126
466166
470136
470953
472967
473738
476342
477253
485516
486639
487159
487673
488155
488587
488692
489606
489837
490910
491174
492194
493693
494129
494632
495807
497778
497840
498612
499296
499994
500837
500898
501302
501539
503409
504811
505161
505846
505897
506072
506465
506743
508010
508226
508852
509220
509388
510378
511270
511399
512003
512125
512616
512630
512973
513056
513378
513756
514143
514327
517743
518393
518427
518538
519211
519647
520069
520360
520378
520598
521255
521969
522133
522298
522306
522336
522348
522452
523551
524135
524164
524289
524566
524581
524794
525037
525194
525293
526063
526494
526698
526773
526914
527566
527775
528176
528943
529068
529389
529460
529515
529546
530352
530385
530729
530769
530809
530899
530904
531103
531426
532096
532544
533046
533370
533889
533974
534151
534277
534600
534640
534942
535526
536341
536565
537355
537403
537935
539340
539567
540120
541284
542191
542399
542753
542858
542895
543216
544379
545161
547236
547787
548448
548701
549175
550867
550942
551337
552397
552529
552675
553470
553718
554034
554469
555005
559738
559746
561469
561765
562896
563593
563794
564457
565892
567158
567538
567878
568159
568583
569938
572109
572244
573198
573864
574560
575329
578217
578972
579360
579875
581660
582111
582653
582809
582885
583992
584166
584378
584654
585371
586482
587033
587922
588724
588857
589048
589139
589475
591484
592085
593204
593297
593528
594145
594691
594798
595731
595843
596521
596525
596754
596765
598060
598223
599345
600975
601572
602032
603137
603524
603742
603811
604156
604449
605829
606820
606999
607261
608716
609287
609408
609627
609973
610256
611399
611807
612044
612321
612844
613813
614491
614753
614823
615379
615703
615948
616448
616982
617704
617734
618170
618394
619989
620148
620319
623024
623243
623473
623682
624212
624227
624458
625946
626809
627558
627638
627809
627821
628485
628831
629125
630007
630064
630756
630989
632109
632783
633848
634127
634425
634497
634864
635072
635992
636109
637421
637475
638075
638617
638887
639333
639884
640726
642584
642994
643717
644166
644633
644635
645092
646610
647894
648132
648716
651741
651974
653325
655113
655595
655625
656318
656697
657829
659596
659843
660245
660606
660745
661624
662110
662695
663303
664703
665626
666779
668153
668478
668850
669084
669157
669335
669479
669756
670059
672201
673210
675537
676032
676746
677228
677636
678279
678386
679476
679479
680461
681446
682074
682487
683966
686565
687849
688049
690871
692378
692752
694801
696782
697216
697557
698192
699824
701048
701249
703042
703234
703460
705270
706629
707604
708976
710556
713470
713754
714133
714995
715006
717046
720149
722577
722818
723049
724166
733047
764201
858702
1099459
1473891
1548146
1957345
3804170
30308
33743
33784
36670
36991
37495
37802
37875
38181
38620
39169
39637
39826
40091
43838
44556
44642
45524
45812
46254
46438
46701
46830
48243
48560
49010
49097
49718
50492
51324
51351
51510
51545
52253
52449
53768
54396
54418
54559
54822
54823
55016
55080
55095
55478
55559
56071
56331
57216
57357
57540
57701
58117
58150
58611
58985
58995
59435
60311
60636
61218
61254
61589
61641
61959
62361
62382
62512
62608
63233
63948
64530
65125
65174
65207
65234
65556
65644
65823
65886
66267
66610
66683
66743
66787
67305
67344
67447
67672
67730
67804
67942
68313
68513
68638
68905
69208
69445
69606
69679
69738
69773
69897
69948
70266
70353
70466
70506
70702
71037
71038
71092
71160
71172
71275
71330
71404
72126
72214
72866
72895
73003
74780
75674
75998
76003
76016
76163
76393
76749
76812
76828
77018
77030
77034
77337
77467
77518
78052
78165
78272
78950
79008
79106
79200
79386
79652
79671
79723
79879
79927
79995
80418
81012
81062
81226
81505
81643
81925
82053
82054
82116
82162
82593
82692
83289
83455
83498
83555
83586
83854
84240
84631
85449
85464
85490
85721
86018
86030
86155
86215
86739
87116
87428
87578
87621
87671
87816
88317
88516
88525
88766
88873
88965
89353
89874
89899
90096
90103
90222
90270
90870
90936
91314
91763
92199
92299
93127
93208
93268
93320
93348
93791
93893
94017
94390
94792
94986
95004
95505
95631
95783
95946
96549
96569
96693
96736
98208
98306
98402
98562
98861
98892
99436
99813
99877
100024
100038
100716
100866
101268
101320
101414
101579
101787
101859
102206
102382
102519
102542
102967
102994
103038
103225
103295
103441
103464
103678
103904
104297
104698
104800
105458
105685
105768
105808
105937
106014
106140
106296
106516
106715
106779
106873
106953
107081
107859
107924
109311
109477
109740
109997
110215
110361
110474
110475
110478
110593
110769
111273
111360
111403
111987
111997
112689
112891
114040
114352
114378
114754
115004
115400
115426
115768
115833
116038
116682
117009
117211
117619
117963
118641
118679
119145
119585
120452
120769
121644
122743
123073
123372
123379
123456
123627
123651
123682
123829
124102
124257
124261
124321
124387
124723
125152
126244
127087
127131
127260
127963
128095
128679
129613
130399
130977
131233
131643
131853
131964
132289
132417
132644
133285
133405
134648
134877
135471
135685
136141
136691
136805
137220
137889
138576
138994
139083
139408
139786
140285
140439
140448
140460
140494
141026
141044
141194
141662
141829
142889
142979
143583
143630
143634
143952
144305
144416
144512
145019
145337
145382
145956
146200
146398
146886
146909
146970
147327
147434
147597
148007
148495
149062
149800
150012
150712
150927
151366
151774
152618
152699
153325
153696
153729
154660
155052
155295
155369
156113
156210
156716
157337
157432
157739
157950
159478
159862
160558
160782
161308
161569
161647
161670
161810
161862
162321
163048
163366
163400
164047
164627
166159
166846
171511
172723
173226
173325
175917
176376
177184
178290
178555
179574
181063
181108
183385
184074
184809
185086
185865
186096
187342
187435
189837
190723
190928
191664
193065
193664
194592
195006
195263
196109
196284
196523
196917
197050
198539
199223
200029
200307
202571
203761
203782
203929
203987
204750
206461
208131
208220
208693
209092
209577
209918
210683
210844
211139
211460
211725
211794
212411
212564
213315
214782
217154
218771
218840
219853
221235
221396
221804
222921
222997
223173
224142
225816
227835
229355
230592
230611
231811
233275
233861
234153
236820
237908
240019
240915
240977
242463
242732
243197
244031
246297
247582
248839
253403
255169
255844
255983
261091
262695
265395
266829
267000
270377
271406
271826
276146
276830
277049
277973
278050
278540
279205
279781
280647
281038
281401
281483
281666
282592
284536
285233
287704
289889
290037
291228
291522
293680
293955
294929
296539
298362
299212
300665
301809
303745
304315
305912
305919
306804
306882
307373
308175
309656
310301
311367
312603
316447
317347
317843
318234
318787
318960
319129
319302
319681
320016
320074
321362
323267
323367
323439
324123
325588
326397
327339
328010
328025
328418
328657
330268
331416
331606
332990
333218
333492
333526
335573
335659
335702
336341
338779
339887
340291
340671
341101
341760
342609
343081
343650
344325
344334
349710
350285
353152
355643
358165
358170
359270
360948
361558
362062
363452
368809
368932
369505
369801
369852
369853
370998
371613
372425
372663
374233
374624
374809
375222
375586
376060
376284
377112
378216
378519
379388
380638
382068
383387
383578
384527
385049
385482
385634
386764
390948
393342
394421
394925
395234
395847
403072
403970
404390
405153
405573
406599
409217
410940
412980
414943
416703
417598
424343
426347
428951
429526
430811
431030
431056
433117
433332
434293
436096
439666
440238
441818
442013
442372
443105
444375
444906
444941
445819
446015
446310
446871
447475
447884
448567
450168
451933
454686
455044
455594
455708
456409
456907
457163
457375
458513
459518
459937
461331
461382
462402
463639
464687
465901
465973
466126
466166
470136
470953
472967
473738
476342
477253
485516
486639
487159
487673
488155
488587
488692
489606
489837
490910
491174
492194
493693
494129
494632
495807
497778
497840
498612
499296
499994
500837
500898
501302
501539
503409
504811
505161
505846
505897
506072
506465
506743
508010
508226
508852
509220
509388
510378
511270
511399
512003
512125
512616
512630
512973
513056
513378
513756
514143
514327
517743
518393
518427
518538
519211
519647
520069
520360
520378
520598
521255
521969
522133
522298
522306
522336
522348
522452
523551
524135
524164
524289
524566
524581
524794
525037
525194
525293
526063
526494
526698
526773
526914
527566
527775
528176
528943
529068
529389
529460
529515
529546
530352
530385
530729
530769
530809
530899
530904
531103
531426
532096
532544
533046
533370
533889
533974
534151
534277
534600
534640
534942
535526
536341
536565
537355
537403
537935
539340
539567
540120
541284
542191
542399
542753
542858
542895
543216
544379
545161
547236
547787
548448
548701
549175
550867
550942
551337
552397
552529
552675
553470
553718
554034
554469
555005
559738
559746
561469
561765
562896
563593
563794
564457
565892
567158
567538
567878
568159
568583
569938
572109
572244
573198
573864
574560
575329
578217
578972
579360
579875
581660
582111
582653
582809
582885
583992
584166
584378
584654
585371
586482
587033
587922
588724
588857
589048
589139
589475
591484
592085
593204
593297
593528
594145
594691
594798
595731
595843
596521
596525
596754
596765
598060
598223
599345
600975
601572
602032
603137
603524
603742
603811
604156
604449
605829
606820
606999
607261
608716
609287
609408
609627
609973
610256
611399
611807
612044
612321
612844
613813
614491
614753
614823
615379
615703
615948
616448
616982
617704
617734
618170
618394
619989
620148
620319
623024
623243
623473
623682
624212
624227
624458
625946
626809
627558
627638
627809
627821
628485
628831
629125
630007
630064
630756
630989
632109
632783
633848
634127
634425
634497
634864
635072
635992
636109
637421
637475
638075
638617
638887
639333
639884
640726
642584
642994
643717
644166
644633
644635
645092
646610
647894
648132
648716
651741
651974
653325
655113
655595
655625
656318
656697
657829
659596
659843
660245
660606
660745
661624
662110
662695
663303
664703
665626
666779
668153
668478
668850
669084
669157
669335
669479
669756
670059
672201
673210
675537
676032
676746
677228
677636
678279
678386
679476
679479
680461
681446
682074
682487
683966
686565
687849
688049
690871
692378
692752
694801
696782
697216
697557
698192
699824
701048
701249
703042
703234
703460
705270
706629
707604
708976
710556
713470
713754
714133
714995
715006
717046
720149
722577
722818
723049
724166
733047
764201
858702
1099459
1473891
1548146
1957345
3804170
30308
33743
33784
36670
36991
37495
37802
37875
38181
38620
39169
39637
39826
40091
43838
44556
44642
45524
45812
46254
46438
46701
46830
48243
48560
49010
49097
49718
50492
51324
51351
51510
51545
52253
52449
53768
54396
54418
54559
54822
54823
55016
55080
55095
55478
55559
56071
56331
57216
57357
57540
57701
58117
58150
58611
58985
58995
59435
60311
60636
61218
61254
61589
61641
61959
62361
62382
62512
62608
63233
63948
64530
65125
65174
65207
65234
65556
65644
65823
65886
66267
66610
66683
66743
66787
67305
67344
67447
67672
67730
67804
67942
68313
68513
68638
68905
69208
69445
69606
69679
69738
69773
69897
69948
70266
70353
70466
70506
70702
71037
71038
71092
71160
71172
71275
71330
71404
72126
72214
72866
72895
73003
74780
75674
75998
76003
76016
76163
76393
76749
76812
76828
77018
77030
77034
77337
77467
77518
78052
78165
78272
78950
79008
79106
79200
79386
79652
79671
79723
79879
79927
79995
80418
81012
81062
81226
81505
81643
81925
82053
82054
82116
82162
82593
82692
83289
83455
83498
83555
83586
83854
84240
84631
85449
85464
85490
85721
86018
86030
86155
86215
86739
87116
87428
87578
87621
87671
87816
88317
88516
88525
88766
88873
88965
89353
89874
89899
90096
90103
90222
90270
90870
90936
91314
91763
92199
92299
93127
93208
93268
93320
93348
93791
93893
94017
94390
94792
94986
95004
95505
95631
95783
95946
96549
96569
96693
96736
98208
98306
98402
98562
98861
98892
99436
99813
99877
100024
100038
100716
100866
101268
101320
101414
101579
101787
101859
102206
102382
102519
102542
102967
102994
103038
103225
103295
103441
103464
103678
103904
104297
104698
104800
105458
105685
105768
105808
105937
106014
106140
106296
106516
106715
106779
106873
106953
107081
107859
107924
109311
109477
109740
109997
110215
110361
110474
110475
110478
110593
110769
111273
111360
111403
111987
111997
112689
112891
114040
114352
114378
114754
115004
115400
115426
115768
115833
116038
116682
117009
117211
117619
117963
118641
118679
119145
119585
120452
120769
121644
122743
123073
123372
123379
123456
123627
123651
123682
123829
124102
124257
124261
124321
124387
124723
125152
126244
127087
127131
127260
127963
128095
128679
129613
130399
130977
131233
131643
131853
131964
132289
132417
132644
133285
133405
134648
134877
135471
135685
136141
136691
136805
137220
137889
138576
138994
139083
139408
139786
140285
140439
140448
140460
140494
141026
141044
141194
141662
141829
142889
142979
143583
143630
143634
143952
144305
144416
144512
145019
145337
145382
145956
146200
146398
146886
146909
146970
147327
147434
147597
148007
148495
149062
149800
150012
150712
150927
151366
151774
152618
152699
153325
153696
153729
154660
155052
155295
155369
156113
156210
156716
157337
157432
157739
157950
159478
159862
160558
160782
161308
161569
161647
161670
161810
161862
162321
163048
163366
163400
164047
164627
166159
166846
171511
172723
173226
173325
175917
176376
177184
178290
178555
179574
181063
181108
183385
184074
184809
185086
185865
186096
187342
187435
189837
190723
190928
191664
193065
193664
194592
195006
195263
196109
196284
196523
196917
197050
198539
199223
200029
200307
202571
203761
203782
203929
203987
204750
206461
208131
208220
208693
209092
209577
209918
210683
210844
211139
211460
211725
211794
212411
212564
213315
214782
217154
218771
218840
219853
221235
221396
221804
222921
222997
223173
224142
225816
227835
229355
230592
230611
231811
233275
233861
234153
236820
237908
240019
240915
240977
242463
242732
243197
244031
246297
247582
248839
253403
255169
255844
255983
261091
262695
265395
266829
267000
270377
271406
271826
276146
276830
277049
277973
278050
278540
279205
279781
280647
281038
281401
281483
281666
282592
284536
285233
287704
289889
290037
291228
291522
293680
293955
294929
296539
298362
299212
300665
301809
303745
304315
305912
305919
306804
306882
307373
308175
309656
310301
311367
312603
316447
317347
317843
318234
318787
318960
319129
319302
319681
320016
320074
321362
323267
323367
323439
324123
325588
326397
327339
328010
328025
328418
328657
330268
331416
331606
332990
333218
333492
333526
335573
335659
335702
336341
338779
339887
340291
340671
341101
341760
342609
343081
343650
344325
344334
349710
350285
353152
355643
358165
358170
359270
360948
361558
362062
363452
368809
368932
369505
369801
369852
369853
370998
371613
372425
372663
374233
374624
374809
375222
375586
376060
376284
377112
378216
378519
379388
380638
382068
383387
383578
384527
385049
385482
385634
386764
390948
393342
394421
394925
395234
395847
403072
403970
404390
405153
405573
406599
409217
410940
412980
414943
416703
417598
424343
426347
428951
429526
430811
431030
431056
433117
433332
434293
436096
439666
440238
441818
442013
442372
443105
444375
444906
444941
445819
446015
446310
446871
447475
447884
448567
450168
451933
454686
455044
455594
455708
456409
456907
457163
457375
458513
459518
459937
461331
461382
462402
463639
464687
465901
465973
466126
466166
470136
470953
472967
473738
476342
477253
485516
486639
487159
487673
488155
488587
488692
489606
489837
490910
491174
492194
493693
494129
494632
495807
497778
497840
498612
499296
499994
500837
500898
501302
501539
503409
504811
505161
505846
505897
506072
506465
506743
508010
508226
508852
509220
509388
510378
511270
511399
512003
512125
512616
512630
512973
513056
513378
513756
514143
514327
517743
518393
518427
518538
519211
519647
520069
520360
520378
520598
521255
521969
522133
522298
522306
522336
522348
522452
523551
524135
524164
524289
524566
524581
524794
525037
525194
525293
526063
526494
526698
526773
526914
527566
527775
528176
528943
529068
529389
529460
529515
529546
530352
530385
530729
530769
530809
530899
530904
531103
531426
532096
532544
533046
533370
533889
533974
534151
534277
534600
534640
534942
535526
536341
536565
537355
537403
537935
539340
539567
540120
541284
542191
542399
542753
542858
542895
543216
544379
545161
547236
547787
548448
548701
549175
550867
550942
551337
552397
552529
552675
553470
553718
554034
554469
555005
559738
559746
561469
561765
562896
563593
563794
564457
565892
567158
567538
567878
568159
568583
569938
572109
572244
573198
573864
574560
575329
578217
578972
579360
579875
581660
582111
582653
582809
582885
583992
584166
584378
584654
585371
586482
587033
587922
588724
588857
589048
589139
589475
591484
592085
593204
593297
593528
594145
594691
594798
595731
595843
596521
596525
596754
596765
598060
598223
599345
600975
601572
602032
603137
603524
603742
603811
604156
604449
605829
606820
606999
607261
608716
609287
609408
609627
609973
610256
611399
611807
612044
612321
612844
613813
614491
614753
614823
615379
615703
615948
616448
616982
617704
617734
618170
618394
619989
620148
620319
623024
623243
623473
623682
624212
624227
624458
625946
626809
627558
627638
627809
627821
628485
628831
629125
630007
630064
630756
630989
632109
632783
633848
634127
634425
634497
634864
635072
635992
636109
637421
637475
638075
638617
638887
639333
639884
640726
642584
642994
643717
644166
644633
644635
645092
646610
647894
648132
648716
651741
651974
653325
655113
655595
655625
656318
656697
657829
659596
659843
660245
660606
660745
661624
662110
662695
663303
664703
665626
666779
668153
668478
668850
669084
669157
669335
669479
669756
670059
672201
673210
675537
676032
676746
677228
677636
678279
678386
679476
679479
680461
681446
682074
682487
683966
686565
687849
688049
690871
692378
692752
694801
696782
697216
697557
698192
699824
701048
701249
703042
703234
703460
705270
706629
707604
708976
710556
713470
713754
714133
714995
715006
717046
720149
722577
722818
723049
724166
733047
764201
858702
1099459
1473891
1548146
1957345
3804170
30308
33743
33784
36670
36991
37495
37802
37875
38181
38620
39169
39637
39826
40091
43838
44556
44642
45524
45812
46254
46438
46701
46830
48243
48560
49010
49097
49718
50492
51324
51351
51510
51545
52253
52449
53768
54396
54418
54559
54822
54823
55016
55080
55095
55478
55559
56071
56331
57216
57357
57540
57701
58117
58150
58611
58985
58995
59435
60311
60636
61218
61254
61589
61641
61959
62361
62382
62512
62608
63233
63948
64530
65125
65174
65207
65234
65556
65644
65823
65886
66267
66610
66683
66743
66787
67305
67344
67447
67672
67730
67804
67942
68313
68513
68638
68905
69208
69445
69606
69679
69738
69773
69897
69948
70266
70353
70466
70506
70702
71037
71038
71092
71160
71172
71275
71330
71404
72126
72214
72866
72895
73003
74780
75674
75998
76003
76016
76163
76393
76749
76812
76828
77018
77030
77034
77337
77467
77518
78052
78165
78272
78950
79008
79106
79200
79386
79652
79671
79723
79879
79927
79995
80418
81012
81062
81226
81505
81643
81925
82053
82054
82116
82162
82593
82692
83289
83455
83498
83555
83586
83854
84240
84631
85449
85464
85490
85721
86018
86030
86155
86215
86739
87116
87428
87578
87621
87671
87816
88317
88516
88525
88766
88873
88965
89353
89874
89899
90096
90103
90222
90270
90870
90936
91314
91763
92199
92299
93127
93208
93268
93320
93348
93791
93893
94017
94390
94792
94986
95004
95505
95631
95783
95946
96549
96569
96693
96736
98208
98306
98402
98562
98861
98892
99436
99813
99877
100024
100038
100716
100866
101268
101320
101414
101579
101787
101859
102206
102382
102519
102542
102967
102994
103038
103225
103295
103441
103464
103678
103904
104297
104698
104800
105458
105685
105768
105808
105937
106014
106140
106296
106516
106715
106779
106873
106953
107081
107859
107924
109311
109477
109740
109997
110215
110361
110474
110475
110478
110593
110769
111273
111360
111403
111987
111997
112689
112891
114040
114352
114378
114754
115004
115400
115426
115768
115833
116038
116682
117009
117211
117619
117963
118641
118679
119145
119585
120452
120769
121644
122743
123073
123372
123379
123456
123627
123651
123682
123829
124102
124257
124261
124321
124387
124723
125152
126244
127087
127131
127260
127963
128095
128679
129613
130399
130977
131233
131643
131853
131964
132289
132417
132644
133285
133405
134648
134877
135471
135685
136141
136691
136805
137220
137889
138576
138994
139083
139408
139786
140285
140439
140448
140460
140494
141026
141044
141194
141662
141829
142889
142979
143583
143630
143634
143952
144305
144416
144512
145019
145337
145382
145956
146200
146398
146886
146909
146970
147327
147434
147597
148007
148495
149062
149800
150012
150712
150927
151366
151774
152618
152699
153325
153696
153729
154660
155052
155295
155369
156113
156210
156716
157337
157432
157739
157950
159478
159862
160558
160782
161308
161569
161647
161670
161810
161862
162321
163048
163366
163400
164047
164627
166159
166846
171511
172723
173226
173325
175917
176376
177184
178290
178555
179574
181063
181108
183385
184074
184809
185086
185865
186096
187342
187435
189837
190723
190928
191664
193065
193664
194592
195006
195263
196109
196284
196523
196917
197050
198539
199223
200029
200307
202571
203761
203782
203929
203987
204750
206461
208131
208220
208693
209092
209577
209918
210683
210844
211139
211460
211725
211794
212411
212564
213315
214782
217154
218771
218840
219853
221235
221396
221804
222921
222997
223173
224142
225816
227835
229355
230592
230611
231811
233275
233861
234153
236820
237908
240019
240915
240977
242463
242732
243197
244031
246297
247582
248839
253403
255169
255844
255983
261091
262695
265395
266829
267000
270377
271406
271826
276146
276830
277049
277973
278050
278540
279205
279781
280647
281038
281401
281483
281666
282592
284536
285233
287704
289889
290037
291228
291522
293680
293955
294929
296539
298362
299212
300665
301809
303745
304315
305912
305919
306804
306882
307373
308175
309656
310301
311367
312603
316447
317347
317843
318234
318787
318960
319129
319302
319681
320016
320074
321362
323267
323367
323439
324123
325588
326397
327339
328010
328025
328418
328657
330268
331416
331606
332990
333218
333492
333526
335573
335659
335702
336341
338779
339887
340291
340671
341101
341760
342609
343081
343650
344325
344334
349710
350285
353152
355643
358165
358170
359270
360948
361558
362062
363452
368809
368932
369505
369801
369852
369853
370998
371613
372425
372663
374233
374624
374809
375222
375586
376060
376284
377112
378216
378519
379388
380638
382068
383387
383578
384527
385049
385482
385634
386764
390948
393342
394421
394925
395234
395847
403072
403970
404390
405153
405573
406599
409217
410940
412980
414943
416703
417598
424343
426347
428951
429526
430811
431030
431056
433117
433332
434293
436096
439666
440238
441818
442013
442372
443105
444375
444906
444941
445819
446015
446310
446871
447475
447884
448567
450168
451933
454686
455044
455594
455708
456409
456907
457163
457375
458513
459518
459937
461331
461382
462402
463639
464687
465901
465973
466126
466166
470136
470953
472967
473738
476342
477253
485516
486639
487159
487673
488155
488587
488692
489606
489837
490910
491174
492194
493693
494129
494632
495807
497778
497840
498612
499296
499994
500837
500898
501302
501539
503409
504811
505161
505846
505897
506072
506465
506743
508010
508226
508852
509220
509388
510378
511270
511399
512003
512125
512616
512630
512973
513056
513378
513756
514143
514327
517743
518393
518427
518538
519211
519647
520069
520360
520378
520598
521255
521969
522133
522298
522306
522336
522348
522452
523551
524135
524164
524289
524566
524581
524794
525037
525194
525293
526063
526494
526698
526773
526914
527566
527775
528176
528943
529068
529389
529460
529515
529546
530352
530385
530729
530769
530809
530899
530904
531103
531426
532096
532544
533046
533370
533889
533974
534151
534277
534600
534640
534942
535526
536341
536565
537355
537403
537935
539340
539567
540120
541284
542191
542399
542753
542858
542895
543216
544379
545161
547236
547787
548448
548701
549175
550867
550942
551337
552397
552529
552675
553470
553718
554034
554469
555005
559738
559746
561469
561765
562896
563593
563794
564457
565892
567158
567538
567878
568159
568583
569938
572109
572244
573198
573864
574560
575329
578217
578972
579360
579875
581660
582111
582653
582809
582885
583992
584166
584378
584654
585371
586482
587033
587922
588724
588857
589048
589139
589475
591484
592085
593204
593297
593528
594145
594691
594798
595731
595843
596521
596525
596754
596765
598060
598223
599345
600975
601572
602032
603137
603524
603742
603811
604156
604449
605829
606820
606999
607261
608716
609287
609408
609627
609973
610256
611399
611807
612044
612321
612844
613813
614491
614753
614823
615379
615703
615948
616448
616982
617704
617734
618170
618394
619989
620148
620319
623024
623243
623473
623682
624212
624227
624458
625946
626809
627558
627638
627809
627821
628485
628831
629125
630007
630064
630756
630989
632109
632783
633848
634127
634425
634497
634864
635072
635992
636109
637421
637475
638075
638617
638887
639333
639884
640726
642584
642994
643717
644166
644633
644635
645092
646610
647894
648132
648716
651741
651974
653325
655113
655595
655625
656318
656697
657829
659596
659843
660245
660606
660745
661624
662110
662695
663303
664703
665626
666779
668153
668478
668850
669084
669157
669335
669479
669756
670059
672201
673210
675537
676032
676746
677228
677636
678279
678386
679476
679479
680461
681446
682074
682487
683966
686565
687849
688049
690871
692378
692752
694801
696782
697216
697557
698192
699824
701048
701249
703042
703234
703460
705270
706629
707604
708976
710556
713470
713754
714133
714995
715006
717046
720149
722577
722818
723049
724166
733047
764201
858702
1099459
1473891
1548146
1957345
3804170
30308
33743
33784
36670
36991
37495
37802
37875
38181
38620
39169
39637
39826
40091
43838
44556
44642
45524
45812
46254
46438
46701
46830
48243
48560
49010
49097
49718
50492
51324
51351
51510
51545
52253
52449
53768
54396
54418
54559
54822
54823
55016
55080
55095
55478
55559
56071
56331
57216
57357
57540
57701
58117
58150
58611
58985
58995
59435
60311
60636
61218
61254
61589
61641
61959
62361
62382
62512
62608
63233
63948
64530
65125
65174
65207
65234
65556
65644
65823
65886
66267
66610
66683
66743
66787
67305
67344
67447
67672
67730
67804
67942
68313
68513
68638
68905
69208
69445
69606
69679
69738
69773
69897
69948
70266
70353
70466
70506
70702
71037
71038
71092
71160
71172
71275
71330
71404
72126
72214
72866
72895
73003
74780
75674
75998
76003
76016
76163
76393
76749
76812
76828
77018
77030
77034
77337
77467
77518
78052
78165
78272
78950
79008
79106
79200
79386
79652
79671
79723
79879
79927
79995
80418
81012
81062
81226
81505
81643
81925
82053
82054
82116
82162
82593
82692
83289
83455
83498
83555
83586
83854
84240
84631
85449
85464
85490
85721
86018
86030
86155
86215
86739
87116
87428
87578
87621
87671
87816
88317
88516
88525
88766
88873
88965
89353
89874
89899
90096
90103
90222
90270
90870
90936
91314
91763
92199
92299
93127
93208
93268
93320
93348
93791
93893
94017
94390
94792
94986
95004
95505
95631
95783
95946
96549
96569
96693
96736
98208
98306
98402
98562
98861
98892
99436
99813
99877
100024
100038
100716
100866
101268
101320
101414
101579
101787
101859
102206
102382
102519
102542
102967
102994
103038
103225
103295
103441
103464
103678
103904
104297
104698
104800
105458
105685
105768
105808
105937
106014
106140
106296
106516
106715
106779
106873
106953
107081
107859
107924
109311
109477
109740
109997
110215
110361
110474
110475
110478
110593
110769
111273
111360
111403
111987
111997
112689
112891
114040
114352
114378
114754
115004
115400
115426
115768
115833
116038
116682
117009
117211
117619
117963
118641
118679
119145
119585
120452
120769
121644
122743
123073
123372
123379
123456
123627
123651
123682
123829
124102
124257
124261
124321
124387
124723
125152
126244
127087
127131
127260
127963
128095
128679
129613
130399
130977
131233
131643
131853
131964
132289
132417
132644
133285
133405
134648
134877
135471
135685
136141
136691
136805
137220
137889
138576
138994
139083
139408
139786
140285
140439
140448
140460
140494
141026
141044
141194
141662
141829
142889
142979
143583
143630
143634
143952
144305
144416
144512
145019
145337
145382
145956
146200
146398
146886
146909
146970
147327
147434
147597
148007
148495
149062
149800
150012
150712
150927
151366
151774
152618
152699
153325
153696
153729
154660
155052
155295
155369
156113
156210
156716
157337
157432
157739
157950
159478
159862
160558
160782
161308
161569
161647
161670
161810
161862
162321
163048
163366
163400
164047
164627
166159
166846
171511
172723
173226
173325
175917
176376
177184
178290
178555
179574
181063
181108
183385
184074
184809
185086
185865
186096
187342
187435
189837
190723
190928
191664
193065
193664
194592
195006
195263
196109
196284
196523
196917
197050
198539
199223
200029
200307
202571
203761
203782
203929
203987
204750
206461
208131
208220
208693
209092
209577
209918
210683
210844
211139
211460
211725
211794
212411
212564
213315
214782
217154
218771
218840
219853
221235
221396
221804
222921
222997
223173
224142
225816
227835
229355
230592
230611
231811
233275
233861
234153
236820
237908
240019
240915
240977
242463
242732
243197
244031
246297
247582
248839
253403
255169
255844
255983
261091
262695
265395
266829
267000
270377
271406
271826
276146
276830
277049
277973
278050
278540
279205
279781
280647
281038
281401
281483
281666
282592
284536
285233
287704
289889
290037
291228
291522
293680
293955
294929
296539
298362
299212
300665
301809
303745
304315
305912
305919
306804
306882
307373
308175
309656
310301
311367
312603
316447
317347
317843
318234
318787
318960
319129
319302
319681
320016
320074
321362
323267
323367
323439
324123
325588
326397
327339
328010
328025
328418
328657
330268
331416
331606
332990
333218
333492
333526
335573
335659
335702
336341
338779
339887
340291
340671
341101
341760
342609
343081
343650
344325
344334
349710
350285
353152
355643
358165
358170
359270
360948
361558
362062
363452
368809
368932
369505
369801
369852
369853
370998
371613
372425
372663
374233
374624
374809
375222
375586
376060
376284
377112
378216
378519
379388
380638
382068
383387
383578
384527
385049
385482
385634
386764
390948
393342
394421
394925
395234
395847
403072
403970
404390
405153
405573
406599
409217
410940
412980
414943
416703
417598
424343
426347
428951
429526
430811
431030
431056
433117
433332
434293
436096
439666
440238
441818
442013
442372
443105
444375
444906
444941
445819
446015
446310
446871
447475
447884
448567
450168
451933
454686
455044
455594
455708
456409
456907
457163
457375
458513
459518
459937
461331
461382
462402
463639
464687
465901
465973
466126
466166
470136
470953
472967
473738
476342
477253
485516
486639
487159
487673
488155
488587
488692
489606
489837
490910
491174
492194
493693
494129
494632
495807
497778
497840
498612
499296
499994
500837
500898
501302
501539
503409
504811
505161
505846
505897
506072
506465
506743
508010
508226
508852
509220
509388
510378
511270
511399
512003
512125
512616
512630
512973
513056
513378
513756
514143
514327
517743
518393
518427
518538
519211
519647
520069
520360
520378
520598
521255
521969
522133
522298
522306
522336
522348
522452
523551
524135
524164
524289
524566
524581
524794
525037
525194
525293
526063
526494
526698
526773
526914
527566
527775
528176
528943
529068
529389
529460
529515
529546
530352
530385
530729
530769
530809
530899
530904
531103
531426
532096
532544
533046
533370
533889
533974
534151
534277
534600
534640
534942
535526
536341
536565
537355
537403
537935
539340
539567
540120
541284
542191
542399
542753
542858
542895
543216
544379
545161
547236
547787
548448
548701
549175
550867
550942
551337
552397
552529
552675
553470
553718
554034
554469
555005
559738
559746
561469
561765
562896
563593
563794
564457
565892
567158
567538
567878
568159
568583
569938
572109
572244
573198
573864
574560
575329
578217
578972
579360
579875
581660
582111
582653
582809
582885
583992
584166
584378
584654
585371
586482
587033
587922
588724
588857
589048
589139
589475
591484
592085
593204
593297
593528
594145
594691
594798
595731
595843
596521
596525
596754
596765
598060
598223
599345
600975
601572
602032
603137
603524
603742
603811
604156
604449
605829
606820
606999
607261
608716
609287
609408
609627
609973
610256
611399
611807
612044
612321
612844
613813
614491
614753
614823
615379
615703
615948
616448
616982
617704
617734
618170
618394
619989
620148
620319
623024
623243
623473
623682
624212
624227
624458
625946
626809
627558
627638
627809
627821
628485
628831
629125
630007
630064
630756
630989
632109
632783
633848
634127
634425
634497
634864
635072
635992
636109
637421
637475
638075
638617
638887
639333
639884
640726
642584
642994
643717
644166
644633
644635
645092
646610
647894
648132
648716
651741
651974
653325
655113
655595
655625
656318
656697
657829
659596
659843
660245
660606
660745
661624
662110
662695
663303
664703
665626
666779
668153
668478
668850
669084
669157
669335
669479
669756
670059
672201
673210
675537
676032
676746
677228
677636
678279
678386
679476
679479
680461
681446
682074
682487
683966
686565
687849
688049
690871
692378
692752
694801
696782
697216
697557
698192
699824
701048
701249
703042
703234
703460
705270
706629
707604
708976
710556
713470
713754
714133
714995
715006
717046
720149
722577
722818
723049
724166
733047
764201
858702
1099459
1473891
1548146
1957345
3804170
30308
33743
33784
36670
36991
37495
37802
37875
38181
38620
39169
39637
39826
40091
43838
44556
44642
45524
45812
46254
46438
46701
46830
48243
48560
49010
49097
49718
50492
51324
51351
51510
51545
52253
52449
53768
54396
54418
54559
54822
54823
55016
55080
55095
55478
55559
56071
56331
57216
57357
57540
57701
58117
58150
58611
58985
58995
59435
60311
60636
61218
61254
61589
61641
61959
62361
62382
62512
62608
63233
63948
64530
65125
65174
65207
65234
65556
65644
65823
65886
66267
66610
66683
66743
66787
67305
67344
67447
67672
67730
67804
67942
68313
68513
68638
68905
69208
69445
69606
69679
69738
69773
69897
69948
70266
70353
70466
70506
70702
71037
71038
71092
71160
71172
71275
71330
71404
72126
72214
72866
72895
73003
74780
75674
75998
76003
76016
76163
76393
76749
76812
76828
77018
77030
77034
77337
77467
77518
78052
78165
78272
78950
79008
79106
79200
79386
79652
79671
79723
79879
79927
79995
80418
81012
81062
81226
81505
81643
81925
82053
82054
82116
82162
82593
82692
83289
83455
83498
83555
83586
83854
84240
84631
85449
85464
85490
85721
86018
86030
86155
86215
86739
87116
87428
87578
87621
87671
87816
88317
88516
88525
88766
88873
88965
89353
89874
89899
90096
90103
90222
90270
90870
90936
91314
91763
92199
92299
93127
93208
93268
93320
93348
93791
93893
94017
94390
94792
94986
95004
95505
95631
95783
95946
96549
96569
96693
96736
98208
98306
98402
98562
98861
98892
99436
99813
99877
100024
100038
100716
100866
101268
101320
101414
101579
101787
101859
102206
102382
102519
102542
102967
102994
103038
103225
103295
103441
103464
103678
103904
104297
104698
104800
105458
105685
105768
105808
105937
106014
106140
106296
106516
106715
106779
106873
106953
107081
107859
107924
109311
109477
109740
109997
110215
110361
110474
110475
110478
110593
110769
111273
111360
111403
111987
111997
112689
112891
114040
114352
114378
114754
115004
115400
115426
115768
115833
116038
116682
117009
117211
117619
117963
118641
118679
119145
119585
120452
120769
121644
122743
123073
123372
123379
123456
123627
123651
123682
123829
124102
124257
124261
124321
124387
124723
125152
126244
127087
127131
127260
127963
128095
128679
129613
130399
130977
131233
131643
131853
131964
132289
132417
132644
133285
133405
134648
134877
135471
135685
136141
136691
136805
137220
137889
138576
138994
139083
139408
139786
140285
140439
140448
140460
140494
141026
141044
141194
141662
141829
142889
142979
143583
143630
143634
143952
144305
144416
144512
145019
145337
145382
145956
146200
146398
146886
146909
146970
147327
147434
147597
148007
148495
149062
149800
150012
150712
150927
151366
151774
152618
152699
153325
153696
153729
154660
155052
155295
155369
156113
156210
156716
157337
157432
157739
157950
159478
159862
160558
160782
161308
161569
161647
161670
161810
161862
162321
163048
163366
163400
164047
164627
166159
166846
171511
172723
173226
173325
175917
176376
177184
178290
178555
179574
181063
181108
183385
184074
184809
185086
185865
186096
187342
187435
189837
190723
190928
191664
193065
193664
194592
195006
195263
196109
196284
196523
196917
197050
198539
199223
200029
200307
202571
203761
203782
203929
203987
204750
206461
208131
208220
208693
209092
209577
209918
210683
210844
211139
211460
211725
211794
212411
212564
213315
214782
217154
218771
218840
219853
221235
221396
221804
222921
222997
223173
224142
225816
227835
229355
230592
230611
231811
233275
233861
234153
236820
237908
240019
240915
240977
242463
242732
243197
244031
246297
247582
248839
253403
255169
255844
255983
261091
262695
265395
266829
267000
270377
271406
271826
276146
276830
277049
277973
278050
278540
279205
279781
280647
281038
281401
281483
281666
282592
284536
285233
287704
289889
290037
291228
291522
293680
293955
294929
296539
298362
299212
300665
301809
303745
304315
305912
305919
306804
306882
307373
308175
309656
310301
311367
312603
316447
317347
317843
318234
318787
318960
319129
319302
319681
320016
320074
321362
323267
323367
323439
324123
325588
326397
327339
328010
328025
328418
328657
330268
331416
331606
332990
333218
333492
333526
335573
335659
335702
336341
338779
339887
340291
340671
341101
341760
342609
343081
343650
344325
344334
349710
350285
353152
355643
358165
358170
359270
360948
361558
362062
363452
368809
368932
369505
369801
369852
369853
370998
371613
372425
372663
374233
374624
374809
375222
375586
376060
376284
377112
378216
378519
379388
380638
382068
383387
383578
384527
385049
385482
385634
386764
390948
393342
394421
394925
395234
395847
403072
403970
404390
405153
405573
406599
409217
410940
412980
414943
416703
417598
424343
426347
428951
429526
430811
431030
431056
433117
433332
434293
436096
439666
440238
441818
442013
442372
443105
444375
444906
444941
445819
446015
446310
446871
447475
447884
448567
450168
451933
454686
455044
455594
455708
456409
456907
457163
457375
458513
459518
459937
461331
461382
462402
463639
464687
465901
465973
466126
466166
470136
470953
472967
473738
476342
477253
485516
486639
487159
487673
488155
488587
488692
489606
489837
490910
491174
492194
493693
494129
494632
495807
497778
497840
498612
499296
499994
500837
500898
501302
501539
503409
504811
505161
505846
505897
506072
506465
506743
508010
508226
508852
509220
509388
510378
511270
511399
512003
512125
512616
512630
512973
513056
513378
513756
514143
514327
517743
518393
518427
518538
519211
519647
520069
520360
520378
520598
521255
521969
522133
522298
522306
522336
522348
522452
523551
524135
524164
524289
524566
524581
524794
525037
525194
525293
526063
526494
526698
526773
526914
527566
527775
528176
528943
529068
529389
529460
529515
529546
530352
530385
530729
530769
530809
530899
530904
531103
531426
532096
532544
533046
533370
533889
533974
534151
534277
534600
534640
534942
535526
536341
536565
537355
537403
537935
539340
539567
540120
541284
542191
542399
542753
542858
542895
543216
544379
545161
547236
547787
548448
548701
549175
550867
550942
551337
552397
552529
552675
553470
553718
554034
554469
555005
559738
559746
561469
561765
562896
563593
563794
564457
565892
567158
567538
567878
568159
568583
569938
572109
572244
573198
573864
574560
575329
578217
578972
579360
579875
581660
582111
582653
582809
582885
583992
584166
584378
584654
585371
586482
587033
587922
588724
588857
589048
589139
589475
591484
592085
593204
593297
593528
594145
594691
594798
595731
595843
596521
596525
596754
596765
598060
598223
599345
600975
601572
602032
603137
603524
603742
603811
604156
604449
605829
606820
606999
607261
608716
609287
609408
609627
609973
610256
611399
611807
612044
612321
612844
613813
614491
614753
614823
615379
615703
615948
616448
616982
617704
617734
618170
618394
619989
620148
620319
623024
623243
623473
623682
624212
624227
624458
625946
626809
627558
627638
627809
627821
628485
628831
629125
630007
630064
630756
630989
632109
632783
633848
634127
634425
634497
634864
635072
635992
636109
637421
637475
638075
638617
638887
639333
639884
640726
642584
642994
643717
644166
644633
644635
645092
646610
647894
648132
648716
651741
651974
653325
655113
655595
655625
656318
656697
657829
659596
659843
660245
660606
660745
661624
662110
662695
663303
664703
665626
666779
668153
668478
668850
669084
669157
669335
669479
669756
670059
672201
673210
675537
676032
676746
677228
677636
678279
678386
679476
679479
680461
681446
682074
682487
683966
686565
687849
688049
690871
692378
692752
694801
696782
697216
697557
698192
699824
701048
701249
703042
703234
703460
705270
706629
707604
708976
710556
713470
713754
714133
714995
715006
717046
720149
722577
722818
723049
724166
733047
764201
858702
1099459
1473891
1548146
1957345
3804170
30308
33743
33784
36670
36991
37495
37802
37875
38181
38620
39169
39637
39826
40091
43838
44556
44642
45524
45812
46254
46438
46701
46830
48243
48560
49010
49097
49718
50492
51324
51351
51510
51545
52253
52449
53768
54396
54418
54559
54822
54823
55016
55080
55095
55478
55559
56071
56331
57216
57357
57540
57701
58117
58150
58611
58985
58995
59435
60311
60636
61218
61254
61589
61641
61959
62361
62382
62512
62608
63233
63948
64530
65125
65174
65207
65234
65556
65644
65823
65886
66267
66610
66683
66743
66787
67305
67344
67447
67672
67730
67804
67942
68313
68513
68638
68905
69208
69445
69606
69679
69738
69773
69897
69948
70266
70353
70466
70506
70702
71037
71038
71092
71160
71172
71275
71330
71404
72126
72214
72866
72895
73003
74780
75674
75998
76003
76016
76163
76393
76749
76812
76828
77018
77030
77034
77337
77467
77518
78052
78165
78272
78950
79008
79106
79200
79386
79652
79671
79723
79879
79927
79995
80418
81012
81062
81226
81505
81643
81925
82053
82054
82116
82162
82593
82692
83289
83455
83498
83555
83586
83854
84240
84631
85449
85464
85490
85721
86018
86030
86155
86215
86739
87116
87428
87578
87621
87671
87816
88317
88516
88525
88766
88873
88965
89353
89874
89899
90096
90103
90222
90270
90870
90936
91314
91763
92199
92299
93127
93208
93268
93320
93348
93791
93893
94017
94390
94792
94986
95004
95505
95631
95783
95946
96549
96569
96693
96736
98208
98306
98402
98562
98861
98892
99436
99813
99877
100024
100038
100716
100866
101268
101320
101414
101579
101787
101859
102206
102382
102519
102542
102967
102994
103038
103225
103295
103441
103464
103678
103904
104297
104698
104800
105458
105685
105768
105808
105937
106014
106140
106296
106516
106715
106779
106873
106953
107081
107859
107924
109311
109477
109740
109997
110215
110361
110474
110475
110478
110593
110769
111273
111360
111403
111987
111997
112689
112891
114040
114352
114378
114754
115004
115400
115426
115768
115833
116038
116682
117009
117211
117619
117963
118641
118679
119145
119585
120452
120769
121644
122743
123073
123372
123379
123456
123627
123651
123682
123829
124102
124257
124261
124321
124387
124723
125152
126244
127087
127131
127260
127963
128095
128679
129613
130399
130977
131233
131643
131853
131964
132289
132417
132644
133285
133405
134648
134877
135471
135685
136141
136691
136805
137220
137889
138576
138994
139083
139408
139786
140285
140439
140448
140460
140494
141026
141044
141194
141662
141829
142889
142979
143583
143630
143634
143952
144305
144416
144512
145019
145337
145382
145956
146200
146398
146886
146909
146970
147327
147434
147597
148007
148495
149062
149800
150012
150712
150927
151366
151774
152618
152699
153325
153696
153729
154660
155052
155295
155369
156113
156210
156716
157337
157432
157739
157950
159478
159862
160558
160782
161308
161569
161647
161670
161810
161862
162321
163048
163366
163400
164047
164627
166159
166846
171511
172723
173226
173325
175917
176376
177184
178290
178555
179574
181063
181108
183385
184074
184809
185086
185865
186096
187342
187435
189837
190723
190928
191664
193065
193664
194592
195006
195263
196109
196284
196523
196917
197050
198539
199223
200029
200307
202571
203761
203782
203929
203987
204750
206461
208131
208220
208693
209092
209577
209918
210683
210844
211139
211460
211725
211794
212411
212564
213315
214782
217154
218771
218840
219853
221235
221396
221804
222921
222997
223173
224142
225816
227835
229355
230592
230611
231811
233275
233861
234153
236820
237908
240019
240915
240977
242463
242732
243197
244031
246297
247582
248839
253403
255169
255844
255983
261091
262695
265395
266829
267000
270377
271406
271826
276146
276830
277049
277973
278050
278540
279205
279781
280647
281038
281401
281483
281666
282592
284536
285233
287704
289889
290037
291228
291522
293680
293955
294929
296539
298362
299212
300665
301809
303745
304315
305912
305919
306804
306882
307373
308175
309656
310301
311367
312603
316447
317347
317843
318234
318787
318960
319129
319302
319681
320016
320074
321362
323267
323367
323439
324123
325588
326397
327339
328010
328025
328418
328657
330268
331416
331606
332990
333218
333492
333526
335573
335659
335702
336341
338779
339887
340291
340671
341101
341760
342609
343081
343650
344325
344334
349710
350285
353152
355643
358165
358170
359270
360948
361558
362062
363452
368809
368932
369505
369801
369852
369853
370998
371613
372425
372663
374233
374624
374809
375222
375586
376060
376284
377112
378216
378519
379388
380638
382068
383387
383578
384527
385049
385482
385634
386764
390948
393342
394421
394925
395234
395847
403072
403970
404390
405153
405573
406599
409217
410940
412980
414943
416703
417598
424343
426347
428951
429526
430811
431030
431056
433117
433332
434293
436096
439666
440238
441818
442013
442372
443105
444375
444906
444941
445819
446015
446310
446871
447475
447884
448567
450168
451933
454686
455044
455594
455708
456409
456907
457163
457375
458513
459518
459937
461331
461382
462402
463639
464687
465901
465973
466126
466166
470136
470953
472967
473738
476342
477253
485516
486639
487159
487673
488155
488587
488692
489606
489837
490910
491174
492194
493693
494129
494632
495807
497778
497840
498612
499296
499994
500837
500898
501302
501539
503409
504811
505161
505846
505897
506072
506465
506743
508010
508226
508852
509220
509388
510378
511270
511399
512003
512125
512616
512630
512973
513056
513378
513756
514143
514327
517743
518393
518427
518538
519211
519647
520069
520360
520378
520598
521255
521969
522133
522298
522306
522336
522348
522452
523551
524135
524164
524289
524566
524581
524794
525037
525194
525293
526063
526494
526698
526773
526914
527566
527775
528176
528943
529068
529389
529460
529515
529546
530352
530385
530729
530769
530809
530899
530904
531103
531426
532096
532544
533046
533370
533889
533974
534151
534277
534600
534640
534942
535526
536341
536565
537355
537403
537935
539340
539567
540120
541284
542191
542399
542753
542858
542895
543216
544379
545161
547236
547787
548448
548701
549175
550867
550942
551337
552397
552529
552675
553470
553718
554034
554469
555005
559738
559746
561469
561765
562896
563593
563794
564457
565892
567158
567538
567878
568159
568583
569938
572109
572244
573198
573864
574560
575329
578217
578972
579360
579875
581660
582111
582653
582809
582885
583992
584166
584378
584654
585371
586482
587033
587922
588724
588857
589048
589139
589475
591484
592085
593204
593297
593528
594145
594691
594798
595731
595843
596521
596525
596754
596765
598060
598223
599345
600975
601572
602032
603137
603524
603742
603811
604156
604449
605829
606820
606999
607261
608716
609287
609408
609627
609973
610256
611399
611807
612044
612321
612844
613813
614491
614753
614823
615379
615703
615948
616448
616982
617704
617734
618170
618394
619989
620148
620319
623024
623243
623473
623682
624212
624227
624458
625946
626809
627558
627638
627809
627821
628485
628831
629125
630007
630064
630756
630989
632109
632783
633848
634127
634425
634497
634864
635072
635992
636109
637421
637475
638075
638617
638887
639333
639884
640726
642584
642994
643717
644166
644633
644635
645092
646610
647894
648132
648716
651741
651974
653325
655113
655595
655625
656318
656697
657829
659596
659843
660245
660606
660745
661624
662110
662695
663303
664703
665626
666779
668153
668478
668850
669084
669157
669335
669479
669756
670059
672201
673210
675537
676032
676746
677228
677636
678279
678386
679476
679479
680461
681446
682074
682487
683966
686565
687849
688049
690871
692378
692752
694801
696782
697216
697557
698192
699824
701048
701249
703042
703234
703460
705270
706629
707604
708976
710556
713470
713754
714133
714995
715006
717046
720149
722577
722818
723049
724166
733047
764201
858702
1099459
1473891
1548146
1957345
3804170
30308
33743
33784
36670
36991
37495
37802
37875
38181
38620
39169
39637
39826
40091
43838
44556
44642
45524
45812
46254
46438
46701
46830
48243
48560
49010
49097
49718
50492
51324
51351
51510
51545
52253
52449
53768
54396
54418
54559
54822
54823
55016
55080
55095
55478
55559
56071
56331
57216
57357
57540
57701
58117
58150
58611
58985
58995
59435
60311
60636
61218
61254
61589
61641
61959
62361
62382
62512
62608
63233
63948
64530
65125
65174
65207
65234
65556
65644
65823
65886
66267
66610
66683
66743
66787
67305
67344
67447
67672
67730
67804
67942
68313
68513
68638
68905
69208
69445
69606
69679
69738
69773
69897
69948
70266
70353
70466
70506
70702
71037
71038
71092
71160
71172
71275
71330
71404
72126
72214
72866
72895
73003
74780
75674
75998
76003
76016
76163
76393
76749
76812
76828
77018
77030
77034
77337
77467
77518
78052
78165
78272
78950
79008
79106
79200
79386
79652
79671
79723
79879
79927
79995
80418
81012
81062
81226
81505
81643
81925
82053
82054
82116
82162
82593
82692
83289
83455
83498
83555
83586
83854
84240
84631
85449
85464
85490
85721
86018
86030
86155
86215
86739
87116
87428
87578
87621
87671
87816
88317
88516
88525
88766
88873
88965
89353
89874
89899
90096
90103
90222
90270
90870
90936
91314
91763
92199
92299
93127
93208
93268
93320
93348
93791
93893
94017
94390
94792
94986
95004
95505
95631
95783
95946
96549
96569
96693
96736
98208
98306
98402
98562
98861
98892
99436
99813
99877
100024
100038
100716
100866
101268
101320
101414
101579
101787
101859
102206
102382
102519
102542
102967
102994
103038
103225
103295
103441
103464
103678
103904
104297
104698
104800
105458
105685
105768
105808
105937
106014
106140
106296
106516
106715
106779
106873
106953
107081
107859
107924
109311
109477
109740
109997
110215
110361
110474
110475
110478
110593
110769
111273
111360
111403
111987
111997
112689
112891
114040
114352
114378
114754
115004
115400
115426
115768
115833
116038
116682
117009
117211
117619
117963
118641
118679
119145
119585
120452
120769
121644
122743
123073
123372
123379
123456
123627
123651
123682
123829
124102
124257
124261
124321
124387
124723
125152
126244
127087
127131
127260
127963
128095
128679
129613
130399
130977
131233
131643
131853
131964
132289
132417
132644
133285
133405
134648
134877
135471
135685
136141
136691
136805
137220
137889
138576
138994
139083
139408
139786
140285
140439
140448
140460
140494
141026
141044
141194
141662
141829
142889
142979
143583
143630
143634
143952
144305
144416
144512
145019
145337
145382
145956
146200
146398
146886
146909
146970
147327
147434
147597
148007
148495
149062
149800
150012
150712
150927
151366
151774
152618
152699
153325
153696
153729
154660
155052
155295
155369
156113
156210
156716
157337
157432
157739
157950
159478
159862
160558
160782
161308
161569
161647
161670
161810
161862
162321
163048
163366
163400
164047
164627
166159
166846
171511
172723
173226
173325
175917
176376
177184
178290
178555
179574
181063
181108
183385
184074
184809
185086
185865
186096
187342
187435
189837
190723
190928
191664
193065
193664
194592
195006
195263
196109
196284
196523
196917
197050
198539
199223
200029
200307
202571
203761
203782
203929
203987
204750
206461
208131
208220
208693
209092
209577
209918
210683
210844
211139
211460
211725
211794
212411
212564
213315
214782
217154
218771
218840
219853
221235
221396
221804
222921
222997
223173
224142
225816
227835
229355
230592
230611
231811
233275
233861
234153
236820
237908
240019
240915
240977
242463
242732
243197
244031
246297
247582
248839
253403
255169
255844
255983
261091
262695
265395
266829
267000
270377
271406
271826
276146
276830
277049
277973
278050
278540
279205
279781
280647
281038
281401
281483
281666
282592
284536
285233
287704
289889
290037
291228
291522
293680
293955
294929
296539
298362
299212
300665
301809
303745
304315
305912
305919
306804
306882
307373
308175
309656
310301
311367
312603
316447
317347
317843
318234
318787
318960
319129
319302
319681
320016
320074
321362
323267
323367
323439
324123
325588
326397
327339
328010
328025
328418
328657
330268
331416
331606
332990
333218
333492
333526
335573
335659
335702
336341
338779
339887
340291
340671
341101
341760
342609
343081
343650
344325
344334
349710
350285
353152
355643
358165
358170
359270
360948
361558
362062
363452
368809
368932
369505
369801
369852
369853
370998
371613
372425
372663
374233
374624
374809
375222
375586
376060
376284
377112
378216
378519
379388
380638
382068
383387
383578
384527
385049
385482
385634
386764
390948
393342
394421
394925
395234
395847
403072
403970
404390
405153
405573
406599
409217
410940
412980
414943
416703
417598
424343
426347
428951
429526
430811
431030
431056
433117
433332
434293
436096
439666
440238
441818
442013
442372
443105
444375
444906
444941
445819
446015
446310
446871
447475
447884
448567
450168
451933
454686
455044
455594
455708
456409
456907
457163
457375
458513
459518
459937
461331
461382
462402
463639
464687
465901
465973
466126
466166
470136
470953
472967
473738
476342
477253
485516
486639
487159
487673
488155
488587
488692
489606
489837
490910
491174
492194
493693
494129
494632
495807
497778
497840
498612
499296
499994
500837
500898
501302
501539
503409
504811
505161
505846
505897
506072
506465
506743
508010
508226
508852
509220
509388
510378
511270
511399
512003
512125
512616
512630
512973
513056
513378
513756
514143
514327
517743
518393
518427
518538
519211
519647
520069
520360
520378
520598
521255
521969
522133
522298
522306
522336
522348
522452
523551
524135
524164
524289
524566
524581
524794
525037
525194
525293
526063
526494
526698
526773
526914
527566
527775
528176
528943
529068
529389
529460
529515
529546
530352
530385
530729
530769
530809
530899
530904
531103
531426
532096
532544
533046
533370
533889
533974
534151
534277
534600
534640
534942
535526
536341
536565
537355
537403
537935
539340
539567
540120
541284
542191
542399
542753
542858
542895
543216
544379
545161
547236
547787
548448
548701
549175
550867
550942
551337
552397
552529
552675
553470
553718
554034
554469
555005
559738
559746
561469
561765
562896
563593
563794
564457
565892
567158
567538
567878
568159
568583
569938
572109
572244
573198
573864
574560
575329
578217
578972
579360
579875
581660
582111
582653
582809
582885
583992
584166
584378
584654
585371
586482
587033
587922
588724
588857
589048
589139
589475
591484
592085
593204
593297
593528
594145
594691
594798
595731
595843
596521
596525
596754
596765
598060
598223
599345
600975
601572
602032
603137
603524
603742
603811
604156
604449
605829
606820
606999
607261
608716
609287
609408
609627
609973
610256
611399
611807
612044
612321
612844
613813
614491
614753
614823
615379
615703
615948
616448
616982
617704
617734
618170
618394
619989
620148
620319
623024
623243
623473
623682
624212
624227
624458
625946
626809
627558
627638
627809
627821
628485
628831
629125
630007
630064
630756
630989
632109
632783
633848
634127
634425
634497
634864
635072
635992
636109
637421
637475
638075
638617
638887
639333
639884
640726
642584
642994
643717
644166
644633
644635
645092
646610
647894
648132
648716
651741
651974
653325
655113
655595
655625
656318
656697
657829
659596
659843
660245
660606
660745
661624
662110
662695
663303
664703
665626
666779
668153
668478
668850
669084
669157
669335
669479
669756
670059
672201
673210
675537
676032
676746
677228
677636
678279
678386
679476
679479
680461
681446
682074
682487
683966
686565
687849
688049
690871
692378
692752
694801
696782
697216
697557
698192
699824
701048
701249
703042
703234
703460
705270
706629
707604
708976
710556
713470
713754
714133
714995
715006
717046
720149
722577
722818
723049
724166
733047
764201
858702
1099459
1473891
1548146
1957345
3804170
30308
33743
33784
36670
36991
37495
37802
37875
38181
38620
39169
39637
39826
40091
43838
44556
44642
45524
45812
46254
46438
46701
46830
48243
48560
49010
49097
49718
50492
51324
51351
51510
51545
52253
52449
53768
54396
54418
54559
54822
54823
55016
55080
55095
55478
55559
56071
56331
57216
57357
57540
57701
58117
58150
58611
58985
58995
59435
60311
60636
61218
61254
61589
61641
61959
62361
62382
62512
62608
63233
63948
64530
65125
65174
65207
65234
65556
65644
65823
65886
66267
66610
66683
66743
66787
67305
67344
67447
67672
67730
67804
67942
68313
68513
68638
68905
69208
69445
69606
69679
69738
69773
69897
69948
70266
70353
70466
70506
70702
71037
71038
71092
71160
71172
71275
71330
71404
72126
72214
72866
72895
73003
74780
75674
75998
76003
76016
76163
76393
76749
76812
76828
77018
77030
77034
77337
77467
77518
78052
78165
78272
78950
79008
79106
79200
79386
79652
79671
79723
79879
79927
79995
80418
81012
81062
81226
81505
81643
81925
82053
82054
82116
82162
82593
82692
83289
83455
83498
83555
83586
83854
84240
84631
85449
85464
85490
85721
86018
86030
86155
86215
86739
87116
87428
87578
87621
87671
87816
88317
88516
88525
88766
88873
88965
89353
89874
89899
90096
90103
90222
90270
90870
90936
91314
91763
92199
92299
93127
93208
93268
93320
93348
93791
93893
94017
94390
94792
94986
95004
95505
95631
95783
95946
96549
96569
96693
96736
98208
98306
98402
98562
98861
98892
99436
99813
99877
100024
100038
100716
100866
101268
101320
101414
101579
101787
101859
102206
102382
102519
102542
102967
102994
103038
103225
103295
103441
103464
103678
103904
104297
104698
104800
105458
105685
105768
105808
105937
106014
106140
106296
106516
106715
106779
106873
106953
107081
107859
107924
109311
109477
109740
109997
110215
110361
110474
110475
110478
110593
110769
111273
111360
111403
111987
111997
112689
112891
114040
114352
114378
114754
115004
115400
115426
115768
115833
116038
116682
117009
117211
117619
117963
118641
118679
119145
119585
120452
120769
121644
122743
123073
123372
123379
123456
123627
123651
123682
123829
124102
124257
124261
124321
124387
124723
125152
126244
127087
127131
127260
127963
128095
128679
129613
130399
130977
131233
131643
131853
131964
132289
132417
132644
133285
133405
134648
134877
135471
135685
136141
136691
136805
137220
137889
138576
138994
139083
139408
139786
140285
140439
140448
140460
140494
141026
141044
141194
141662
141829
142889
142979
143583
143630
143634
143952
144305
144416
144512
145019
145337
145382
145956
146200
146398
146886
146909
146970
147327
147434
147597
148007
148495
149062
149800
150012
150712
150927
151366
151774
152618
152699
153325
153696
153729
154660
155052
155295
155369
156113
156210
156716
157337
157432
157739
157950
159478
159862
160558
160782
161308
161569
161647
161670
161810
161862
162321
163048
163366
163400
164047
164627
166159
166846
171511
172723
173226
173325
175917
176376
177184
178290
178555
179574
181063
181108
183385
184074
184809
185086
185865
186096
187342
187435
189837
190723
190928
191664
193065
193664
194592
195006
195263
196109
196284
196523
196917
197050
198539
199223
200029
200307
202571
203761
203782
203929
203987
204750
206461
208131
208220
208693
209092
209577
209918
210683
210844
211139
211460
211725
211794
212411
212564
213315
214782
217154
218771
218840
219853
221235
221396
221804
222921
222997
223173
224142
225816
227835
229355
230592
230611
231811
233275
233861
234153
236820
237908
240019
240915
240977
242463
242732
243197
244031
246297
247582
248839
253403
255169
255844
255983
261091
262695
265395
266829
267000
270377
271406
271826
276146
276830
277049
277973
278050
278540
279205
279781
280647
281038
281401
281483
281666
282592
284536
285233
287704
289889
290037
291228
291522
293680
293955
294929
296539
298362
299212
300665
301809
303745
304315
305912
305919
306804
306882
307373
308175
309656
310301
311367
312603
316447
317347
317843
318234
318787
318960
319129
319302
319681
320016
320074
321362
323267
323367
323439
324123
325588
326397
327339
328010
328025
328418
328657
330268
331416
331606
332990
333218
333492
333526
335573
335659
335702
336341
338779
339887
340291
340671
341101
341760
342609
343081
343650
344325
344334
349710
350285
353152
355643
358165
358170
359270
360948
361558
362062
363452
368809
368932
369505
369801
369852
369853
370998
371613
372425
372663
374233
374624
374809
375222
375586
376060
376284
377112
378216
378519
379388
380638
382068
383387
383578
384527
385049
385482
385634
386764
390948
393342
394421
394925
395234
395847
403072
403970
404390
405153
405573
406599
409217
410940
412980
414943
416703
417598
424343
426347
428951
429526
430811
431030
431056
433117
433332
434293
436096
439666
440238
441818
442013
442372
443105
444375
444906
444941
445819
446015
446310
446871
447475
447884
448567
450168
451933
454686
455044
455594
455708
456409
456907
457163
457375
458513
459518
459937
461331
461382
462402
463639
464687
465901
465973
466126
466166
470136
470953
472967
473738
476342
477253
485516
486639
487159
487673
488155
488587
488692
489606
489837
490910
491174
492194
493693
494129
494632
495807
497778
497840
498612
499296
499994
500837
500898
501302
501539
503409
504811
505161
505846
505897
506072
506465
506743
508010
508226
508852
509220
509388
510378
511270
511399
512003
512125
512616
512630
512973
513056
513378
513756
514143
514327
517743
518393
518427
518538
519211
519647
520069
520360
520378
520598
521255
521969
522133
522298
522306
522336
522348
522452
523551
524135
524164
524289
524566
524581
524794
525037
525194
525293
526063
526494
526698
526773
526914
527566
527775
528176
528943
529068
529389
529460
529515
529546
530352
530385
530729
530769
530809
530899
530904
531103
531426
532096
532544
533046
533370
533889
533974
534151
534277
534600
534640
534942
535526
536341
536565
537355
537403
537935
539340
539567
540120
541284
542191
542399
542753
542858
542895
543216
544379
545161
547236
547787
548448
548701
549175
550867
550942
551337
552397
552529
552675
553470
553718
554034
554469
555005
559738
559746
561469
561765
562896
563593
563794
564457
565892
567158
567538
567878
568159
568583
569938
572109
572244
573198
573864
574560
575329
578217
578972
579360
579875
581660
582111
582653
582809
582885
583992
584166
584378
584654
585371
586482
587033
587922
588724
588857
589048
589139
589475
591484
592085
593204
593297
593528
594145
594691
594798
595731
595843
596521
596525
596754
596765
598060
598223
599345
600975
601572
602032
603137
603524
603742
603811
604156
604449
605829
606820
606999
607261
608716
609287
609408
609627
609973
610256
611399
611807
612044
612321
612844
613813
614491
614753
614823
615379
615703
615948
616448
616982
617704
617734
618170
618394
619989
620148
620319
623024
623243
623473
623682
624212
624227
624458
625946
626809
627558
627638
627809
627821
628485
628831
629125
630007
630064
630756
630989
632109
632783
633848
634127
634425
634497
634864
635072
635992
636109
637421
637475
638075
638617
638887
639333
639884
640726
642584
642994
643717
644166
644633
644635
645092
646610
647894
648132
648716
651741
651974
653325
655113
655595
655625
656318
656697
657829
659596
659843
660245
660606
660745
661624
662110
662695
663303
664703
665626
666779
668153
668478
668850
669084
669157
669335
669479
669756
670059
672201
673210
675537
676032
676746
677228
677636
678279
678386
679476
679479
680461
681446
682074
682487
683966
686565
687849
688049
690871
692378
692752
694801
696782
697216
697557
698192
699824
701048
701249
703042
703234
703460
705270
706629
707604
708976
710556
713470
713754
714133
714995
715006
717046
720149
722577
722818
723049
724166
733047
764201
858702
1099459
1473891
1548146
1957345
3804170
