40909
61692
72085
78729
81909
96591
109849
111300
114398
116292
117075
117309
117954
118973
119227
119332
119469
120724
122503
123596
124831
125609
126413
126518
126792
127552
128077
128181
128524
128599
128844
130522
130635
131211
131510
132239
132513
132927
133981
134332
135918
136034
136143
136292
137021
137648
138469
138785
139764
141114
141169
142866
143639
144012
144458
144596
144732
144745
146199
146600
149261
151564
156302
158038
160561
161365
161985
162953
162970
164341
164467
165838
167363
168182
168418
168648
171595
171857
172676
173541
174416
175424
175762
176297
177142
177164
178307
178521
178734
179607
179638
182324
183541
183600
185701
187516
187595
188142
188269
188273
188385
192149
193716
194102
194708
195108
196580
196627
197190
197224
197322
200642
201000
203121
203422
204261
204311
205096
206506
207164
207230
208093
211220
211669
212550
212963
213214
213837
214643
215019
215873
217976
218420
218843
220015
220281
221876
222110
222879
222893
223107
224011
224029
225275
226791
229307
229938
229971
230344
231922
232494
232805
234979
235115
235136
235250
236083
238674
238690
241076
243241
244259
245941
246042
247119
247535
248089
248551
249348
249624
250782
251640
252006
252330
252451
254164
257763
259831
261016
261219
261308
261819
263083
263591
264653
265603
267428
267650
267773
268622
268747
269707
270054
270340
270881
272208
272702
273416
273601
274127
274642
275014
275247
276656
276761
276830
278243
278431
279064
279110
279137
279730
279790
280066
280759
281185
281197
281411
281526
281528
282803
284802
285006
285311
285505
286006
286783
287415
287798
288726
289211
289261
289317
290230
291210
292168
292372
292447
292835
292938
293044
295549
295715
296203
296703
297117
298051
298351
298747
298928
299042
299636
299875
300106
301355
302714
304390
305623
306110
306396
308000
309082
309852
309884
311515
311851
313040
313125
313404
315037
316331
316639
316713
317359
318320
318497
319548
322133
322537
322765
323769
325270
325407
326798
330561
334934
337536
345376
349143
350537
352450
358216
358385
359503
361171
361312
363068
363332
363766
366010
367620
367949
369236
371341
372683
373866
379812
380435
381260
384069
386707
388002
391324
392832
396509
398592
398839
399994
401602
403962
407715
408275
409707
411047
414340
416563
421097
422094
422984
425107
427627
428740
430455
431103
435739
435863
438688
439274
441402
443996
444265
445810
448308
448779
450007
452627
453102
454491
454734
455274
457382
458947
459485
459530
459998
460371
460878
461399
462655
465126
465982
467816
468186
468659
469855
470527
471159
471562
471606
472055
472061
472286
472341
472486
473392
473489
473753
473779
473914
474025
474156
474240
474682
476716
476856
477580
478179
479570
479579
479617
479668
479813
480082
480104
480699
481421
481467
482279
484261
485363
485825
485894
486778
487911
488543
488580
488602
489346
489776
491831
492086
492231
492852
493432
494672
494890
495963
496120
496723
497698
498185
498322
498574
498582
498648
498969
499642
499984
500349
500603
500784
500843
500913
500913
501328
501357
501384
501523
502664
502675
502790
503197
503619
504567
505098
506231
506345
507096
507110
507561
508628
508785
508975
510226
511262
511331
512792
513050
513409
513625
513644
514308
515432
515885
516150
516741
516785
516933
517210
517372
518718
518744
519151
519553
519659
520026
520773
522858
523171
523560
523962
524300
525346
525541
525620
525906
526279
526689
526995
527580
527909
528063
528163
528352
528544
528558
528975
529112
529598
529623
529746
529870
529952
530949
531138
531205
531454
531516
531975
532086
532458
532788
532838
532841
532967
532967
533123
533226
533647
533761
533990
534130
534332
534725
534992
535175
535233
535636
535706
535713
535742
535754
535774
535839
535929
536364
536574
536682
536693
536746
536909
536951
536960
538457
539201
539421
539422
540075
540163
540393
540718
540805
540995
541021
541269
541640
541763
541941
542705
542726
542802
542904
543024
543066
543892
544031
544266
544289
544888
545073
545226
545443
545459
545483
545686
545783
545993
545995
546194
546275
546976
546978
547370
547584
547732
547879
548001
548121
548337
548525
548532
548970
549431
549862
550110
550171
551004
551155
551316
551455
551957
552002
552538
553108
553406
553544
553673
553954
554167
554352
554566
554731
555031
555222
555409
555421
555499
555777
555936
555982
556246
556333
556339
556362
556372
556406
556564
556588
556607
556611
556715
556808
557096
557773
557793
557964
557972
558139
558391
558733
559166
559354
559751
559829
559864
560110
560243
560395
560730
560926
561573
562386
562407
562821
562882
563255
563257
563287
563617
564140
564846
565192
565293
565340
566003
566238
566284
566602
566941
566962
567095
567101
567252
567398
567698
568384
568515
568523
568535
568707
568748
568958
569267
569458
569803
569925
570036
570345
570909
571136
571311
571466
571523
571575
571640
571875
572123
572155
572194
572520
572578
572597
572844
572901
573405
574386
574680
574987
575092
575289
575628
575716
575794
575798
576006
576310
576570
576731
576886
576950
577950
578271
578321
578384
578398
578558
578769
578853
578999
579165
579660
580147
580300
580328
580542
580592
580651
580778
580780
580996
581078
581199
581341
581447
581453
581913
581927
582118
582186
582367
582441
582484
582488
582666
582986
583197
584013
584045
585257
585603
585686
585793
585873
585974
586021
586062
586133
586266
586363
586490
586751
586835
586891
586962
587165
587334
588013
588431
588988
589011
589228
590054
590130
590399
590755
590799
591053
591186
591356
591525
592098
592192
592234
592269
592904
592970
593460
594395
594412
594413
594418
594665
594991
595223
595415
595753
596368
596614
597122
597126
597545
597599
597794
597797
599117
599448
599488
599496
599889
600089
601052
601540
601665
602069
602159
603341
603446
604261
604681
604927
604959
605595
606711
607616
608479
608696
609850
610879
611718
612021
614275
614384
617083
617447
620126
621303
624719
626310
626491
626669
627432
628703
631151
635880
637091
637557
640257
645379
646276
646380
647865
648396
649391
651853
659562
661104
662512
663098
664163
673239
676021
677631
682357
685719
691318
691460
693418
707550
40909
61692
72085
78729
81909
96591
109849
111300
114398
116292
117075
117309
117954
118973
119227
119332
119469
120724
122503
123596
124831
125609
126413
126518
126792
127552
128077
128181
128524
128599
128844
130522
130635
131211
131510
132239
132513
132927
133981
134332
135918
136034
136143
136292
137021
137648
138469
138785
139764
141114
141169
142866
143639
144012
144458
144596
144732
144745
146199
146600
149261
151564
156302
158038
160561
161365
161985
162953
162970
164341
164467
165838
167363
168182
168418
168648
171595
171857
172676
173541
174416
175424
175762
176297
177142
177164
178307
178521
178734
179607
179638
182324
183541
183600
185701
187516
187595
188142
188269
188273
188385
192149
193716
194102
194708
195108
196580
196627
197190
197224
197322
200642
201000
203121
203422
204261
204311
205096
206506
207164
207230
208093
211220
211669
212550
212963
213214
213837
214643
215019
215873
217976
218420
218843
220015
220281
221876
222110
222879
222893
223107
224011
224029
225275
226791
229307
229938
229971
230344
231922
232494
232805
234979
235115
235136
235250
236083
238674
238690
241076
243241
244259
245941
246042
247119
247535
248089
248551
249348
249624
250782
251640
252006
252330
252451
254164
257763
259831
261016
261219
261308
261819
263083
263591
264653
265603
267428
267650
267773
268622
268747
269707
270054
270340
270881
272208
272702
273416
273601
274127
274642
275014
275247
276656
276761
276830
278243
278431
279064
279110
279137
279730
279790
280066
280759
281185
281197
281411
281526
281528
282803
284802
285006
285311
285505
286006
286783
287415
287798
288726
289211
289261
289317
290230
291210
292168
292372
292447
292835
292938
293044
295549
295715
296203
296703
297117
298051
298351
298747
298928
299042
299636
299875
300106
301355
302714
304390
305623
306110
306396
308000
309082
309852
309884
311515
311851
313040
313125
313404
315037
316331
316639
316713
317359
318320
318497
319548
322133
322537
322765
323769
325270
325407
326798
330561
334934
337536
345376
349143
350537
352450
358216
358385
359503
361171
361312
363068
363332
363766
366010
367620
367949
369236
371341
372683
373866
379812
380435
381260
384069
386707
388002
391324
392832
396509
398592
398839
399994
401602
403962
407715
408275
409707
411047
414340
416563
421097
422094
422984
425107
427627
428740
430455
431103
435739
435863
438688
439274
441402
443996
444265
445810
448308
448779
450007
452627
453102
454491
454734
455274
457382
458947
459485
459530
459998
460371
460878
461399
462655
465126
465982
467816
468186
468659
469855
470527
471159
471562
471606
472055
472061
472286
472341
472486
473392
473489
473753
473779
473914
474025
474156
474240
474682
476716
476856
477580
478179
479570
479579
479617
479668
479813
480082
480104
480699
481421
481467
482279
484261
485363
485825
485894
486778
487911
488543
488580
488602
489346
489776
491831
492086
492231
492852
493432
494672
494890
495963
496120
496723
497698
498185
498322
498574
498582
498648
498969
499642
499984
500349
500603
500784
500843
500913
500913
501328
501357
501384
501523
502664
502675
502790
503197
503619
504567
505098
506231
506345
507096
507110
507561
508628
508785
508975
510226
511262
511331
512792
513050
513409
513625
513644
514308
515432
515885
516150
516741
516785
516933
517210
517372
518718
518744
519151
519553
519659
520026
520773
522858
523171
523560
523962
524300
525346
525541
525620
525906
526279
526689
526995
527580
527909
528063
528163
528352
528544
528558
528975
529112
529598
529623
529746
529870
529952
530949
531138
531205
531454
531516
531975
532086
532458
532788
532838
532841
532967
532967
533123
533226
533647
533761
533990
534130
534332
534725
534992
535175
535233
535636
535706
535713
535742
535754
535774
535839
535929
536364
536574
536682
536693
536746
536909
536951
536960
538457
539201
539421
539422
540075
540163
540393
540718
540805
540995
541021
541269
541640
541763
541941
542705
542726
542802
542904
543024
543066
543892
544031
544266
544289
544888
545073
545226
545443
545459
545483
545686
545783
545993
545995
546194
546275
546976
546978
547370
547584
547732
547879
548001
548121
548337
548525
548532
548970
549431
549862
550110
550171
551004
551155
551316
551455
551957
552002
552538
553108
553406
553544
553673
553954
554167
554352
554566
554731
555031
555222
555409
555421
555499
555777
555936
555982
556246
556333
556339
556362
556372
556406
556564
556588
556607
556611
556715
556808
557096
557773
557793
557964
557972
558139
558391
558733
559166
559354
559751
559829
559864
560110
560243
560395
560730
560926
561573
562386
562407
562821
562882
563255
563257
563287
563617
564140
564846
565192
565293
565340
566003
566238
566284
566602
566941
566962
567095
567101
567252
567398
567698
568384
568515
568523
568535
568707
568748
568958
569267
569458
569803
569925
570036
570345
570909
571136
571311
571466
571523
571575
571640
571875
572123
572155
572194
572520
572578
572597
572844
572901
573405
574386
574680
574987
575092
575289
575628
575716
575794
575798
576006
576310
576570
576731
576886
576950
577950
578271
578321
578384
578398
578558
578769
578853
578999
579165
579660
580147
580300
580328
580542
580592
580651
580778
580780
580996
581078
581199
581341
581447
581453
581913
581927
582118
582186
582367
582441
582484
582488
582666
582986
583197
584013
584045
585257
585603
585686
585793
585873
585974
586021
586062
586133
586266
586363
586490
586751
586835
586891
586962
587165
587334
588013
588431
588988
589011
589228
590054
590130
590399
590755
590799
591053
591186
591356
591525
592098
592192
592234
592269
592904
592970
593460
594395
594412
594413
594418
594665
594991
595223
595415
595753
596368
596614
597122
597126
597545
597599
597794
597797
599117
599448
599488
599496
599889
600089
601052
601540
601665
602069
602159
603341
603446
604261
604681
604927
604959
605595
606711
607616
608479
608696
609850
610879
611718
612021
614275
614384
617083
617447
620126
621303
624719
626310
626491
626669
627432
628703
631151
635880
637091
637557
640257
645379
646276
646380
647865
648396
649391
651853
659562
661104
662512
663098
664163
673239
676021
677631
682357
685719
691318
691460
693418
707550
40909
61692
72085
78729
81909
96591
109849
111300
114398
116292
117075
117309
117954
118973
119227
119332
119469
120724
122503
123596
124831
125609
126413
126518
126792
127552
128077
128181
128524
128599
128844
130522
130635
131211
131510
132239
132513
132927
133981
134332
135918
136034
136143
136292
137021
137648
138469
138785
139764
141114
141169
142866
143639
144012
144458
144596
144732
144745
146199
146600
149261
151564
156302
158038
160561
161365
161985
162953
162970
164341
164467
165838
167363
168182
168418
168648
171595
171857
172676
173541
174416
175424
175762
176297
177142
177164
178307
178521
178734
179607
179638
182324
183541
183600
185701
187516
187595
188142
188269
188273
188385
192149
193716
194102
194708
195108
196580
196627
197190
197224
197322
200642
201000
203121
203422
204261
204311
205096
206506
207164
207230
208093
211220
211669
212550
212963
213214
213837
214643
215019
215873
217976
218420
218843
220015
220281
221876
222110
222879
222893
223107
224011
224029
225275
226791
229307
229938
229971
230344
231922
232494
232805
234979
235115
235136
235250
236083
238674
238690
241076
243241
244259
245941
246042
247119
247535
248089
248551
249348
249624
250782
251640
252006
252330
252451
254164
257763
259831
261016
261219
261308
261819
263083
263591
264653
265603
267428
267650
267773
268622
268747
269707
270054
270340
270881
272208
272702
273416
273601
274127
274642
275014
275247
276656
276761
276830
278243
278431
279064
279110
279137
279730
279790
280066
280759
281185
281197
281411
281526
281528
282803
284802
285006
285311
285505
286006
286783
287415
287798
288726
289211
289261
289317
290230
291210
292168
292372
292447
292835
292938
293044
295549
295715
296203
296703
297117
298051
298351
298747
298928
299042
299636
299875
300106
301355
302714
304390
305623
306110
306396
308000
309082
309852
309884
311515
311851
313040
313125
313404
315037
316331
316639
316713
317359
318320
318497
319548
322133
322537
322765
323769
325270
325407
326798
330561
334934
337536
345376
349143
350537
352450
358216
358385
359503
361171
361312
363068
363332
363766
366010
367620
367949
369236
371341
372683
373866
379812
380435
381260
384069
386707
388002
391324
392832
396509
398592
398839
399994
401602
403962
407715
408275
409707
411047
414340
416563
421097
422094
422984
425107
427627
428740
430455
431103
435739
435863
438688
439274
441402
443996
444265
445810
448308
448779
450007
452627
453102
454491
454734
455274
457382
458947
459485
459530
459998
460371
460878
461399
462655
465126
465982
467816
468186
468659
469855
470527
471159
471562
471606
472055
472061
472286
472341
472486
473392
473489
473753
473779
473914
474025
474156
474240
474682
476716
476856
477580
478179
479570
479579
479617
479668
479813
480082
480104
480699
481421
481467
482279
484261
485363
485825
485894
486778
487911
488543
488580
488602
489346
489776
491831
492086
492231
492852
493432
494672
494890
495963
496120
496723
497698
498185
498322
498574
498582
498648
498969
499642
499984
500349
500603
500784
500843
500913
500913
501328
501357
501384
501523
502664
502675
502790
503197
503619
504567
505098
506231
506345
507096
507110
507561
508628
508785
508975
510226
511262
511331
512792
513050
513409
513625
513644
514308
515432
515885
516150
516741
516785
516933
517210
517372
518718
518744
519151
519553
519659
520026
520773
522858
523171
523560
523962
524300
525346
525541
525620
525906
526279
526689
526995
527580
527909
528063
528163
528352
528544
528558
528975
529112
529598
529623
529746
529870
529952
530949
531138
531205
531454
531516
531975
532086
532458
532788
532838
532841
532967
532967
533123
533226
533647
533761
533990
534130
534332
534725
534992
535175
535233
535636
535706
535713
535742
535754
535774
535839
535929
536364
536574
536682
536693
536746
536909
536951
536960
538457
539201
539421
539422
540075
540163
540393
540718
540805
540995
541021
541269
541640
541763
541941
542705
542726
542802
542904
543024
543066
543892
544031
544266
544289
544888
545073
545226
545443
545459
545483
545686
545783
545993
545995
546194
546275
546976
546978
547370
547584
547732
547879
548001
548121
548337
548525
548532
548970
549431
549862
550110
550171
551004
551155
551316
551455
551957
552002
552538
553108
553406
553544
553673
553954
554167
554352
554566
554731
555031
555222
555409
555421
555499
555777
555936
555982
556246
556333
556339
556362
556372
556406
556564
556588
556607
556611
556715
556808
557096
557773
557793
557964
557972
558139
558391
558733
559166
559354
559751
559829
559864
560110
560243
560395
560730
560926
561573
562386
562407
562821
562882
563255
563257
563287
563617
564140
564846
565192
565293
565340
566003
566238
566284
566602
566941
566962
567095
567101
567252
567398
567698
568384
568515
568523
568535
568707
568748
568958
569267
569458
569803
569925
570036
570345
570909
571136
571311
571466
571523
571575
571640
571875
572123
572155
572194
572520
572578
572597
572844
572901
573405
574386
574680
574987
575092
575289
575628
575716
575794
575798
576006
576310
576570
576731
576886
576950
577950
578271
578321
578384
578398
578558
578769
578853
578999
579165
579660
580147
580300
580328
580542
580592
580651
580778
580780
580996
581078
581199
581341
581447
581453
581913
581927
582118
582186
582367
582441
582484
582488
582666
582986
583197
584013
584045
585257
585603
585686
585793
585873
585974
586021
586062
586133
586266
586363
586490
586751
586835
586891
586962
587165
587334
588013
588431
588988
589011
589228
590054
590130
590399
590755
590799
591053
591186
591356
591525
592098
592192
592234
592269
592904
592970
593460
594395
594412
594413
594418
594665
594991
595223
595415
595753
596368
596614
597122
597126
597545
597599
597794
597797
599117
599448
599488
599496
599889
600089
601052
601540
601665
602069
602159
603341
603446
604261
604681
604927
604959
605595
606711
607616
608479
608696
609850
610879
611718
612021
614275
614384
617083
617447
620126
621303
624719
626310
626491
626669
627432
628703
631151
635880
637091
637557
640257
645379
646276
646380
647865
648396
649391
651853
659562
661104
662512
663098
664163
673239
676021
677631
682357
685719
691318
691460
693418
707550
40909
61692
72085
78729
81909
96591
109849
111300
114398
116292
117075
117309
117954
118973
119227
119332
119469
120724
122503
123596
124831
125609
126413
126518
126792
127552
128077
128181
128524
128599
128844
130522
130635
131211
131510
132239
132513
132927
133981
134332
135918
136034
136143
136292
137021
137648
138469
138785
139764
141114
141169
142866
143639
144012
144458
144596
144732
144745
146199
146600
149261
151564
156302
158038
160561
161365
161985
162953
162970
164341
164467
165838
167363
168182
168418
168648
171595
171857
172676
173541
174416
175424
175762
176297
177142
177164
178307
178521
178734
179607
179638
182324
183541
183600
185701
187516
187595
188142
188269
188273
188385
192149
193716
194102
194708
195108
196580
196627
197190
197224
197322
200642
201000
203121
203422
204261
204311
205096
206506
207164
207230
208093
211220
211669
212550
212963
213214
213837
214643
215019
215873
217976
218420
218843
220015
220281
221876
222110
222879
222893
223107
224011
224029
225275
226791
229307
229938
229971
230344
231922
232494
232805
234979
235115
235136
235250
236083
238674
238690
241076
243241
244259
245941
246042
247119
247535
248089
248551
249348
249624
250782
251640
252006
252330
252451
254164
257763
259831
261016
261219
261308
261819
263083
263591
264653
265603
267428
267650
267773
268622
268747
269707
270054
270340
270881
272208
272702
273416
273601
274127
274642
275014
275247
276656
276761
276830
278243
278431
279064
279110
279137
279730
279790
280066
280759
281185
281197
281411
281526
281528
282803
284802
285006
285311
285505
286006
286783
287415
287798
288726
289211
289261
289317
290230
291210
292168
292372
292447
292835
292938
293044
295549
295715
296203
296703
297117
298051
298351
298747
298928
299042
299636
299875
300106
301355
302714
304390
305623
306110
306396
308000
309082
309852
309884
311515
311851
313040
313125
313404
315037
316331
316639
316713
317359
318320
318497
319548
322133
322537
322765
323769
325270
325407
326798
330561
334934
337536
345376
349143
350537
352450
358216
358385
359503
361171
361312
363068
363332
363766
366010
367620
367949
369236
371341
372683
373866
379812
380435
381260
384069
386707
388002
391324
392832
396509
398592
398839
399994
401602
403962
407715
408275
409707
411047
414340
416563
421097
422094
422984
425107
427627
428740
430455
431103
435739
435863
438688
439274
441402
443996
444265
445810
448308
448779
450007
452627
453102
454491
454734
455274
457382
458947
459485
459530
459998
460371
460878
461399
462655
465126
465982
467816
468186
468659
469855
470527
471159
471562
471606
472055
472061
472286
472341
472486
473392
473489
473753
473779
473914
474025
474156
474240
474682
476716
476856
477580
478179
479570
479579
479617
479668
479813
480082
480104
480699
481421
481467
482279
484261
485363
485825
485894
486778
487911
488543
488580
488602
489346
489776
491831
492086
492231
492852
493432
494672
494890
495963
496120
496723
497698
498185
498322
498574
498582
498648
498969
499642
499984
500349
500603
500784
500843
500913
500913
501328
501357
501384
501523
502664
502675
502790
503197
503619
504567
505098
506231
506345
507096
507110
507561
508628
508785
508975
510226
511262
511331
512792
513050
513409
513625
513644
514308
515432
515885
516150
516741
516785
516933
517210
517372
518718
518744
519151
519553
519659
520026
520773
522858
523171
523560
523962
524300
525346
525541
525620
525906
526279
526689
526995
527580
527909
528063
528163
528352
528544
528558
528975
529112
529598
529623
529746
529870
529952
530949
531138
531205
531454
531516
531975
532086
532458
532788
532838
532841
532967
532967
533123
533226
533647
533761
533990
534130
534332
534725
534992
535175
535233
535636
535706
535713
535742
535754
535774
535839
535929
536364
536574
536682
536693
536746
536909
536951
536960
538457
539201
539421
539422
540075
540163
540393
540718
540805
540995
541021
541269
541640
541763
541941
542705
542726
542802
542904
543024
543066
543892
544031
544266
544289
544888
545073
545226
545443
545459
545483
545686
545783
545993
545995
546194
546275
546976
546978
547370
547584
547732
547879
548001
548121
548337
548525
548532
548970
549431
549862
550110
550171
551004
551155
551316
551455
551957
552002
552538
553108
553406
553544
553673
553954
554167
554352
554566
554731
555031
555222
555409
555421
555499
555777
555936
555982
556246
556333
556339
556362
556372
556406
556564
556588
556607
556611
556715
556808
557096
557773
557793
557964
557972
558139
558391
558733
559166
559354
559751
559829
559864
560110
560243
560395
560730
560926
561573
562386
562407
562821
562882
563255
563257
563287
563617
564140
564846
565192
565293
565340
566003
566238
566284
566602
566941
566962
567095
567101
567252
567398
567698
568384
568515
568523
568535
568707
568748
568958
569267
569458
569803
569925
570036
570345
570909
571136
571311
571466
571523
571575
571640
571875
572123
572155
572194
572520
572578
572597
572844
572901
573405
574386
574680
574987
575092
575289
575628
575716
575794
575798
576006
576310
576570
576731
576886
576950
577950
578271
578321
578384
578398
578558
578769
578853
578999
579165
579660
580147
580300
580328
580542
580592
580651
580778
580780
580996
581078
581199
581341
581447
581453
581913
581927
582118
582186
582367
582441
582484
582488
582666
582986
583197
584013
584045
585257
585603
585686
585793
585873
585974
586021
586062
586133
586266
586363
586490
586751
586835
586891
586962
587165
587334
588013
588431
588988
589011
589228
590054
590130
590399
590755
590799
591053
591186
591356
591525
592098
592192
592234
592269
592904
592970
593460
594395
594412
594413
594418
594665
594991
595223
595415
595753
596368
596614
597122
597126
597545
597599
597794
597797
599117
599448
599488
599496
599889
600089
601052
601540
601665
602069
602159
603341
603446
604261
604681
604927
604959
605595
606711
607616
608479
608696
609850
610879
611718
612021
614275
614384
617083
617447
620126
621303
624719
626310
626491
626669
627432
628703
631151
635880
637091
637557
640257
645379
646276
646380
647865
648396
649391
651853
659562
661104
662512
663098
664163
673239
676021
677631
682357
685719
691318
691460
693418
707550
40909
61692
72085
78729
81909
96591
109849
111300
114398
116292
117075
117309
117954
118973
119227
119332
119469
120724
122503
123596
124831
125609
126413
126518
126792
127552
128077
128181
128524
128599
128844
130522
130635
131211
131510
132239
132513
132927
133981
134332
135918
136034
136143
136292
137021
137648
138469
138785
139764
141114
141169
142866
143639
144012
144458
144596
144732
144745
146199
146600
149261
151564
156302
158038
160561
161365
161985
162953
162970
164341
164467
165838
167363
168182
168418
168648
171595
171857
172676
173541
174416
175424
175762
176297
177142
177164
178307
178521
178734
179607
179638
182324
183541
183600
185701
187516
187595
188142
188269
188273
188385
192149
193716
194102
194708
195108
196580
196627
197190
197224
197322
200642
201000
203121
203422
204261
204311
205096
206506
207164
207230
208093
211220
211669
212550
212963
213214
213837
214643
215019
215873
217976
218420
218843
220015
220281
221876
222110
222879
222893
223107
224011
224029
225275
226791
229307
229938
229971
230344
231922
232494
232805
234979
235115
235136
235250
236083
238674
238690
241076
243241
244259
245941
246042
247119
247535
248089
248551
249348
249624
250782
251640
252006
252330
252451
254164
257763
259831
261016
261219
261308
261819
263083
263591
264653
265603
267428
267650
267773
268622
268747
269707
270054
270340
270881
272208
272702
273416
273601
274127
274642
275014
275247
276656
276761
276830
278243
278431
279064
279110
279137
279730
279790
280066
280759
281185
281197
281411
281526
281528
282803
284802
285006
285311
285505
286006
286783
287415
287798
288726
289211
289261
289317
290230
291210
292168
292372
292447
292835
292938
293044
295549
295715
296203
296703
297117
298051
298351
298747
298928
299042
299636
299875
300106
301355
302714
304390
305623
306110
306396
308000
309082
309852
309884
311515
311851
313040
313125
313404
315037
316331
316639
316713
317359
318320
318497
319548
322133
322537
322765
323769
325270
325407
326798
330561
334934
337536
345376
349143
350537
352450
358216
358385
359503
361171
361312
363068
363332
363766
366010
367620
367949
369236
371341
372683
373866
379812
380435
381260
384069
386707
388002
391324
392832
396509
398592
398839
399994
401602
403962
407715
408275
409707
411047
414340
416563
421097
422094
422984
425107
427627
428740
430455
431103
435739
435863
438688
439274
441402
443996
444265
445810
448308
448779
450007
452627
453102
454491
454734
455274
457382
458947
459485
459530
459998
460371
460878
461399
462655
465126
465982
467816
468186
468659
469855
470527
471159
471562
471606
472055
472061
472286
472341
472486
473392
473489
473753
473779
473914
474025
474156
474240
474682
476716
476856
477580
478179
479570
479579
479617
479668
479813
480082
480104
480699
481421
481467
482279
484261
485363
485825
485894
486778
487911
488543
488580
488602
489346
489776
491831
492086
492231
492852
493432
494672
494890
495963
496120
496723
497698
498185
498322
498574
498582
498648
498969
499642
499984
500349
500603
500784
500843
500913
500913
501328
501357
501384
501523
502664
502675
502790
503197
503619
504567
505098
506231
506345
507096
507110
507561
508628
508785
508975
510226
511262
511331
512792
513050
513409
513625
513644
514308
515432
515885
516150
516741
516785
516933
517210
517372
518718
518744
519151
519553
519659
520026
520773
522858
523171
523560
523962
524300
525346
525541
525620
525906
526279
526689
526995
527580
527909
528063
528163
528352
528544
528558
528975
529112
529598
529623
529746
529870
529952
530949
531138
531205
531454
531516
531975
532086
532458
532788
532838
532841
532967
532967
533123
533226
533647
533761
533990
534130
534332
534725
534992
535175
535233
535636
535706
535713
535742
535754
535774
535839
535929
536364
536574
536682
536693
536746
536909
536951
536960
538457
539201
539421
539422
540075
540163
540393
540718
540805
540995
541021
541269
541640
541763
541941
542705
542726
542802
542904
543024
543066
543892
544031
544266
544289
544888
545073
545226
545443
545459
545483
545686
545783
545993
545995
546194
546275
546976
546978
547370
547584
547732
547879
548001
548121
548337
548525
548532
548970
549431
549862
550110
550171
551004
551155
551316
551455
551957
552002
552538
553108
553406
553544
553673
553954
554167
554352
554566
554731
555031
555222
555409
555421
555499
555777
555936
555982
556246
556333
556339
556362
556372
556406
556564
556588
556607
556611
556715
556808
557096
557773
557793
557964
557972
558139
558391
558733
559166
559354
559751
559829
559864
560110
560243
560395
560730
560926
561573
562386
562407
562821
562882
563255
563257
563287
563617
564140
564846
565192
565293
565340
566003
566238
566284
566602
566941
566962
567095
567101
567252
567398
567698
568384
568515
568523
568535
568707
568748
568958
569267
569458
569803
569925
570036
570345
570909
571136
571311
571466
571523
571575
571640
571875
572123
572155
572194
572520
572578
572597
572844
572901
573405
574386
574680
574987
575092
575289
575628
575716
575794
575798
576006
576310
576570
576731
576886
576950
577950
578271
578321
578384
578398
578558
578769
578853
578999
579165
579660
580147
580300
580328
580542
580592
580651
580778
580780
580996
581078
581199
581341
581447
581453
581913
581927
582118
582186
582367
582441
582484
582488
582666
582986
583197
584013
584045
585257
585603
585686
585793
585873
585974
586021
586062
586133
586266
586363
586490
586751
586835
586891
586962
587165
587334
588013
588431
588988
589011
589228
590054
590130
590399
590755
590799
591053
591186
591356
591525
592098
592192
592234
592269
592904
592970
593460
594395
594412
594413
594418
594665
594991
595223
595415
595753
596368
596614
597122
597126
597545
597599
597794
597797
599117
599448
599488
599496
599889
600089
601052
601540
601665
602069
602159
603341
603446
604261
604681
604927
604959
605595
606711
607616
608479
608696
609850
610879
611718
612021
614275
614384
617083
617447
620126
621303
624719
626310
626491
626669
627432
628703
631151
635880
637091
637557
640257
645379
646276
646380
647865
648396
649391
651853
659562
661104
662512
663098
664163
673239
676021
677631
682357
685719
691318
691460
693418
707550
40909
61692
72085
78729
81909
96591
109849
111300
114398
116292
117075
117309
117954
118973
119227
119332
119469
120724
122503
123596
124831
125609
126413
126518
126792
127552
128077
128181
128524
128599
128844
130522
130635
131211
131510
132239
132513
132927
133981
134332
135918
136034
136143
136292
137021
137648
138469
138785
139764
141114
141169
142866
143639
144012
144458
144596
144732
144745
146199
146600
149261
151564
156302
158038
160561
161365
161985
162953
162970
164341
164467
165838
167363
168182
168418
168648
171595
171857
172676
173541
174416
175424
175762
176297
177142
177164
178307
178521
178734
179607
179638
182324
183541
183600
185701
187516
187595
188142
188269
188273
188385
192149
193716
194102
194708
195108
196580
196627
197190
197224
197322
200642
201000
203121
203422
204261
204311
205096
206506
207164
207230
208093
211220
211669
212550
212963
213214
213837
214643
215019
215873
217976
218420
218843
220015
220281
221876
222110
222879
222893
223107
224011
224029
225275
226791
229307
229938
229971
230344
231922
232494
232805
234979
235115
235136
235250
236083
238674
238690
241076
243241
244259
245941
246042
247119
247535
248089
248551
249348
249624
250782
251640
252006
252330
252451
254164
257763
259831
261016
261219
261308
261819
263083
263591
264653
265603
267428
267650
267773
268622
268747
269707
270054
270340
270881
272208
272702
273416
273601
274127
274642
275014
275247
276656
276761
276830
278243
278431
279064
279110
279137
279730
279790
280066
280759
281185
281197
281411
281526
281528
282803
284802
285006
285311
285505
286006
286783
287415
287798
288726
289211
289261
289317
290230
291210
292168
292372
292447
292835
292938
293044
295549
295715
296203
296703
297117
298051
298351
298747
298928
299042
299636
299875
300106
301355
302714
304390
305623
306110
306396
308000
309082
309852
309884
311515
311851
313040
313125
313404
315037
316331
316639
316713
317359
318320
318497
319548
322133
322537
322765
323769
325270
325407
326798
330561
334934
337536
345376
349143
350537
352450
358216
358385
359503
361171
361312
363068
363332
363766
366010
367620
367949
369236
371341
372683
373866
379812
380435
381260
384069
386707
388002
391324
392832
396509
398592
398839
399994
401602
403962
407715
408275
409707
411047
414340
416563
421097
422094
422984
425107
427627
428740
430455
431103
435739
435863
438688
439274
441402
443996
444265
445810
448308
448779
450007
452627
453102
454491
454734
455274
457382
458947
459485
459530
459998
460371
460878
461399
462655
465126
465982
467816
468186
468659
469855
470527
471159
471562
471606
472055
472061
472286
472341
472486
473392
473489
473753
473779
473914
474025
474156
474240
474682
476716
476856
477580
478179
479570
479579
479617
479668
479813
480082
480104
480699
481421
481467
482279
484261
485363
485825
485894
486778
487911
488543
488580
488602
489346
489776
491831
492086
492231
492852
493432
494672
494890
495963
496120
496723
497698
498185
498322
498574
498582
498648
498969
499642
499984
500349
500603
500784
500843
500913
500913
501328
501357
501384
501523
502664
502675
502790
503197
503619
504567
505098
506231
506345
507096
507110
507561
508628
508785
508975
510226
511262
511331
512792
513050
513409
513625
513644
514308
515432
515885
516150
516741
516785
516933
517210
517372
518718
518744
519151
519553
519659
520026
520773
522858
523171
523560
523962
524300
525346
525541
525620
525906
526279
526689
526995
527580
527909
528063
528163
528352
528544
528558
528975
529112
529598
529623
529746
529870
529952
530949
531138
531205
531454
531516
531975
532086
532458
532788
532838
532841
532967
532967
533123
533226
533647
533761
533990
534130
534332
534725
534992
535175
535233
535636
535706
535713
535742
535754
535774
535839
535929
536364
536574
536682
536693
536746
536909
536951
536960
538457
539201
539421
539422
540075
540163
540393
540718
540805
540995
541021
541269
541640
541763
541941
542705
542726
542802
542904
543024
543066
543892
544031
544266
544289
544888
545073
545226
545443
545459
545483
545686
545783
545993
545995
546194
546275
546976
546978
547370
547584
547732
547879
548001
548121
548337
548525
548532
548970
549431
549862
550110
550171
551004
551155
551316
551455
551957
552002
552538
553108
553406
553544
553673
553954
554167
554352
554566
554731
555031
555222
555409
555421
555499
555777
555936
555982
556246
556333
556339
556362
556372
556406
556564
556588
556607
556611
556715
556808
557096
557773
557793
557964
557972
558139
558391
558733
559166
559354
559751
559829
559864
560110
560243
560395
560730
560926
561573
562386
562407
562821
562882
563255
563257
563287
563617
564140
564846
565192
565293
565340
566003
566238
566284
566602
566941
566962
567095
567101
567252
567398
567698
568384
568515
568523
568535
568707
568748
568958
569267
569458
569803
569925
570036
570345
570909
571136
571311
571466
571523
571575
571640
571875
572123
572155
572194
572520
572578
572597
572844
572901
573405
574386
574680
574987
575092
575289
575628
575716
575794
575798
576006
576310
576570
576731
576886
576950
577950
578271
578321
578384
578398
578558
578769
578853
578999
579165
579660
580147
580300
580328
580542
580592
580651
580778
580780
580996
581078
581199
581341
581447
581453
581913
581927
582118
582186
582367
582441
582484
582488
582666
582986
583197
584013
584045
585257
585603
585686
585793
585873
585974
586021
586062
586133
586266
586363
586490
586751
586835
586891
586962
587165
587334
588013
588431
588988
589011
589228
590054
590130
590399
590755
590799
591053
591186
591356
591525
592098
592192
592234
592269
592904
592970
593460
594395
594412
594413
594418
594665
594991
595223
595415
595753
596368
596614
597122
597126
597545
597599
597794
597797
599117
599448
599488
599496
599889
600089
601052
601540
601665
602069
602159
603341
603446
604261
604681
604927
604959
605595
606711
607616
608479
608696
609850
610879
611718
612021
614275
614384
617083
617447
620126
621303
624719
626310
626491
626669
627432
628703
631151
635880
637091
637557
640257
645379
646276
646380
647865
648396
649391
651853
659562
661104
662512
663098
664163
673239
676021
677631
682357
685719
691318
691460
693418
707550
40909
61692
72085
78729
81909
96591
109849
111300
114398
116292
117075
117309
117954
118973
119227
119332
119469
120724
122503
123596
124831
125609
126413
126518
126792
127552
128077
128181
128524
128599
128844
130522
130635
131211
131510
132239
132513
132927
133981
134332
135918
136034
136143
136292
137021
137648
138469
138785
139764
141114
141169
142866
143639
144012
144458
144596
144732
144745
146199
146600
149261
151564
156302
158038
160561
161365
161985
162953
162970
164341
164467
165838
167363
168182
168418
168648
171595
171857
172676
173541
174416
175424
175762
176297
177142
177164
178307
178521
178734
179607
179638
182324
183541
183600
185701
187516
187595
188142
188269
188273
188385
192149
193716
194102
194708
195108
196580
196627
197190
197224
197322
200642
201000
203121
203422
204261
204311
205096
206506
207164
207230
208093
211220
211669
212550
212963
213214
213837
214643
215019
215873
217976
218420
218843
220015
220281
221876
222110
222879
222893
223107
224011
224029
225275
226791
229307
229938
229971
230344
231922
232494
232805
234979
235115
235136
235250
236083
238674
238690
241076
243241
244259
245941
246042
247119
247535
248089
248551
249348
249624
250782
251640
252006
252330
252451
254164
257763
259831
261016
261219
261308
261819
263083
263591
264653
265603
267428
267650
267773
268622
268747
269707
270054
270340
270881
272208
272702
273416
273601
274127
274642
275014
275247
276656
276761
276830
278243
278431
279064
279110
279137
279730
279790
280066
280759
281185
281197
281411
281526
281528
282803
284802
285006
285311
285505
286006
286783
287415
287798
288726
289211
289261
289317
290230
291210
292168
292372
292447
292835
292938
293044
295549
295715
296203
296703
297117
298051
298351
298747
298928
299042
299636
299875
300106
301355
302714
304390
305623
306110
306396
308000
309082
309852
309884
311515
311851
313040
313125
313404
315037
316331
316639
316713
317359
318320
318497
319548
322133
322537
322765
323769
325270
325407
326798
330561
334934
337536
345376
349143
350537
352450
358216
358385
359503
361171
361312
363068
363332
363766
366010
367620
367949
369236
371341
372683
373866
379812
380435
381260
384069
386707
388002
391324
392832
396509
398592
398839
399994
401602
403962
407715
408275
409707
411047
414340
416563
421097
422094
422984
425107
427627
428740
430455
431103
435739
435863
438688
439274
441402
443996
444265
445810
448308
448779
450007
452627
453102
454491
454734
455274
457382
458947
459485
459530
459998
460371
460878
461399
462655
465126
465982
467816
468186
468659
469855
470527
471159
471562
471606
472055
472061
472286
472341
472486
473392
473489
473753
473779
473914
474025
474156
474240
474682
476716
476856
477580
478179
479570
479579
479617
479668
479813
480082
480104
480699
481421
481467
482279
484261
485363
485825
485894
486778
487911
488543
488580
488602
489346
489776
491831
492086
492231
492852
493432
494672
494890
495963
496120
496723
497698
498185
498322
498574
498582
498648
498969
499642
499984
500349
500603
500784
500843
500913
500913
501328
501357
501384
501523
502664
502675
502790
503197
503619
504567
505098
506231
506345
507096
507110
507561
508628
508785
508975
510226
511262
511331
512792
513050
513409
513625
513644
514308
515432
515885
516150
516741
516785
516933
517210
517372
518718
518744
519151
519553
519659
520026
520773
522858
523171
523560
523962
524300
525346
525541
525620
525906
526279
526689
526995
527580
527909
528063
528163
528352
528544
528558
528975
529112
529598
529623
529746
529870
529952
530949
531138
531205
531454
531516
531975
532086
532458
532788
532838
532841
532967
532967
533123
533226
533647
533761
533990
534130
534332
534725
534992
535175
535233
535636
535706
535713
535742
535754
535774
535839
535929
536364
536574
536682
536693
536746
536909
536951
536960
538457
539201
539421
539422
540075
540163
540393
540718
540805
540995
541021
541269
541640
541763
541941
542705
542726
542802
542904
543024
543066
543892
544031
544266
544289
544888
545073
545226
545443
545459
545483
545686
545783
545993
545995
546194
546275
546976
546978
547370
547584
547732
547879
548001
548121
548337
548525
548532
548970
549431
549862
550110
550171
551004
551155
551316
551455
551957
552002
552538
553108
553406
553544
553673
553954
554167
554352
554566
554731
555031
555222
555409
555421
555499
555777
555936
555982
556246
556333
556339
556362
556372
556406
556564
556588
556607
556611
556715
556808
557096
557773
557793
557964
557972
558139
558391
558733
559166
559354
559751
559829
559864
560110
560243
560395
560730
560926
561573
562386
562407
562821
562882
563255
563257
563287
563617
564140
564846
565192
565293
565340
566003
566238
566284
566602
566941
566962
567095
567101
567252
567398
567698
568384
568515
568523
568535
568707
568748
568958
569267
569458
569803
569925
570036
570345
570909
571136
571311
571466
571523
571575
571640
571875
572123
572155
572194
572520
572578
572597
572844
572901
573405
574386
574680
574987
575092
575289
575628
575716
575794
575798
576006
576310
576570
576731
576886
576950
577950
578271
578321
578384
578398
578558
578769
578853
578999
579165
579660
580147
580300
580328
580542
580592
580651
580778
580780
580996
581078
581199
581341
581447
581453
581913
581927
582118
582186
582367
582441
582484
582488
582666
582986
583197
584013
584045
585257
585603
585686
585793
585873
585974
586021
586062
586133
586266
586363
586490
586751
586835
586891
586962
587165
587334
588013
588431
588988
589011
589228
590054
590130
590399
590755
590799
591053
591186
591356
591525
592098
592192
592234
592269
592904
592970
593460
594395
594412
594413
594418
594665
594991
595223
595415
595753
596368
596614
597122
597126
597545
597599
597794
597797
599117
599448
599488
599496
599889
600089
601052
601540
601665
602069
602159
603341
603446
604261
604681
604927
604959
605595
606711
607616
608479
608696
609850
610879
611718
612021
614275
614384
617083
617447
620126
621303
624719
626310
626491
626669
627432
628703
631151
635880
637091
637557
640257
645379
646276
646380
647865
648396
649391
651853
659562
661104
662512
663098
664163
673239
676021
677631
682357
685719
691318
691460
693418
707550
40909
61692
72085
78729
81909
96591
109849
111300
114398
116292
117075
117309
117954
118973
119227
119332
119469
120724
122503
123596
124831
125609
126413
126518
126792
127552
128077
128181
128524
128599
128844
130522
130635
131211
131510
132239
132513
132927
133981
134332
135918
136034
136143
136292
137021
137648
138469
138785
139764
141114
141169
142866
143639
144012
144458
144596
144732
144745
146199
146600
149261
151564
156302
158038
160561
161365
161985
162953
162970
164341
164467
165838
167363
168182
168418
168648
171595
171857
172676
173541
174416
175424
175762
176297
177142
177164
178307
178521
178734
179607
179638
182324
183541
183600
185701
187516
187595
188142
188269
188273
188385
192149
193716
194102
194708
195108
196580
196627
197190
197224
197322
200642
201000
203121
203422
204261
204311
205096
206506
207164
207230
208093
211220
211669
212550
212963
213214
213837
214643
215019
215873
217976
218420
218843
220015
220281
221876
222110
222879
222893
223107
224011
224029
225275
226791
229307
229938
229971
230344
231922
232494
232805
234979
235115
235136
235250
236083
238674
238690
241076
243241
244259
245941
246042
247119
247535
248089
248551
249348
249624
250782
251640
252006
252330
252451
254164
257763
259831
261016
261219
261308
261819
263083
263591
264653
265603
267428
267650
267773
268622
268747
269707
270054
270340
270881
272208
272702
273416
273601
274127
274642
275014
275247
276656
276761
276830
278243
278431
279064
279110
279137
279730
279790
280066
280759
281185
281197
281411
281526
281528
282803
284802
285006
285311
285505
286006
286783
287415
287798
288726
289211
289261
289317
290230
291210
292168
292372
292447
292835
292938
293044
295549
295715
296203
296703
297117
298051
298351
298747
298928
299042
299636
299875
300106
301355
302714
304390
305623
306110
306396
308000
309082
309852
309884
311515
311851
313040
313125
313404
315037
316331
316639
316713
317359
318320
318497
319548
322133
322537
322765
323769
325270
325407
326798
330561
334934
337536
345376
349143
350537
352450
358216
358385
359503
361171
361312
363068
363332
363766
366010
367620
367949
369236
371341
372683
373866
379812
380435
381260
384069
386707
388002
391324
392832
396509
398592
398839
399994
401602
403962
407715
408275
409707
411047
414340
416563
421097
422094
422984
425107
427627
428740
430455
431103
435739
435863
438688
439274
441402
443996
444265
445810
448308
448779
450007
452627
453102
454491
454734
455274
457382
458947
459485
459530
459998
460371
460878
461399
462655
465126
465982
467816
468186
468659
469855
470527
471159
471562
471606
472055
472061
472286
472341
472486
473392
473489
473753
473779
473914
474025
474156
474240
474682
476716
476856
477580
478179
479570
479579
479617
479668
479813
480082
480104
480699
481421
481467
482279
484261
485363
485825
485894
486778
487911
488543
488580
488602
489346
489776
491831
492086
492231
492852
493432
494672
494890
495963
496120
496723
497698
498185
498322
498574
498582
498648
498969
499642
499984
500349
500603
500784
500843
500913
500913
501328
501357
501384
501523
502664
502675
502790
503197
503619
504567
505098
506231
506345
507096
507110
507561
508628
508785
508975
510226
511262
511331
512792
513050
513409
513625
513644
514308
515432
515885
516150
516741
516785
516933
517210
517372
518718
518744
519151
519553
519659
520026
520773
522858
523171
523560
523962
524300
525346
525541
525620
525906
526279
526689
526995
527580
527909
528063
528163
528352
528544
528558
528975
529112
529598
529623
529746
529870
529952
530949
531138
531205
531454
531516
531975
532086
532458
532788
532838
532841
532967
532967
533123
533226
533647
533761
533990
534130
534332
534725
534992
535175
535233
535636
535706
535713
535742
535754
535774
535839
535929
536364
536574
536682
536693
536746
536909
536951
536960
538457
539201
539421
539422
540075
540163
540393
540718
540805
540995
541021
541269
541640
541763
541941
542705
542726
542802
542904
543024
543066
543892
544031
544266
544289
544888
545073
545226
545443
545459
545483
545686
545783
545993
545995
546194
546275
546976
546978
547370
547584
547732
547879
548001
548121
548337
548525
548532
548970
549431
549862
550110
550171
551004
551155
551316
551455
551957
552002
552538
553108
553406
553544
553673
553954
554167
554352
554566
554731
555031
555222
555409
555421
555499
555777
555936
555982
556246
556333
556339
556362
556372
556406
556564
556588
556607
556611
556715
556808
557096
557773
557793
557964
557972
558139
558391
558733
559166
559354
559751
559829
559864
560110
560243
560395
560730
560926
561573
562386
562407
562821
562882
563255
563257
563287
563617
564140
564846
565192
565293
565340
566003
566238
566284
566602
566941
566962
567095
567101
567252
567398
567698
568384
568515
568523
568535
568707
568748
568958
569267
569458
569803
569925
570036
570345
570909
571136
571311
571466
571523
571575
571640
571875
572123
572155
572194
572520
572578
572597
572844
572901
573405
574386
574680
574987
575092
575289
575628
575716
575794
575798
576006
576310
576570
576731
576886
576950
577950
578271
578321
578384
578398
578558
578769
578853
578999
579165
579660
580147
580300
580328
580542
580592
580651
580778
580780
580996
581078
581199
581341
581447
581453
581913
581927
582118
582186
582367
582441
582484
582488
582666
582986
583197
584013
584045
585257
585603
585686
585793
585873
585974
586021
586062
586133
586266
586363
586490
586751
586835
586891
586962
587165
587334
588013
588431
588988
589011
589228
590054
590130
590399
590755
590799
591053
591186
591356
591525
592098
592192
592234
592269
592904
592970
593460
594395
594412
594413
594418
594665
594991
595223
595415
595753
596368
596614
597122
597126
597545
597599
597794
597797
599117
599448
599488
599496
599889
600089
601052
601540
601665
602069
602159
603341
603446
604261
604681
604927
604959
605595
606711
607616
608479
608696
609850
610879
611718
612021
614275
614384
617083
617447
620126
621303
624719
626310
626491
626669
627432
628703
631151
635880
637091
637557
640257
645379
646276
646380
647865
648396
649391
651853
659562
661104
662512
663098
664163
673239
676021
677631
682357
685719
691318
691460
693418
707550
40909
61692
72085
78729
81909
96591
109849
111300
114398
116292
117075
117309
117954
118973
119227
119332
119469
120724
122503
123596
124831
125609
126413
126518
126792
127552
128077
128181
128524
128599
128844
130522
130635
131211
131510
132239
132513
132927
133981
134332
135918
136034
136143
136292
137021
137648
138469
138785
139764
141114
141169
142866
143639
144012
144458
144596
144732
144745
146199
146600
149261
151564
156302
158038
160561
161365
161985
162953
162970
164341
164467
165838
167363
168182
168418
168648
171595
171857
172676
173541
174416
175424
175762
176297
177142
177164
178307
178521
178734
179607
179638
182324
183541
183600
185701
187516
187595
188142
188269
188273
188385
192149
193716
194102
194708
195108
196580
196627
197190
197224
197322
200642
201000
203121
203422
204261
204311
205096
206506
207164
207230
208093
211220
211669
212550
212963
213214
213837
214643
215019
215873
217976
218420
218843
220015
220281
221876
222110
222879
222893
223107
224011
224029
225275
226791
229307
229938
229971
230344
231922
232494
232805
234979
235115
235136
235250
236083
238674
238690
241076
243241
244259
245941
246042
247119
247535
248089
248551
249348
249624
250782
251640
252006
252330
252451
254164
257763
259831
261016
261219
261308
261819
263083
263591
264653
265603
267428
267650
267773
268622
268747
269707
270054
270340
270881
272208
272702
273416
273601
274127
274642
275014
275247
276656
276761
276830
278243
278431
279064
279110
279137
279730
279790
280066
280759
281185
281197
281411
281526
281528
282803
284802
285006
285311
285505
286006
286783
287415
287798
288726
289211
289261
289317
290230
291210
292168
292372
292447
292835
292938
293044
295549
295715
296203
296703
297117
298051
298351
298747
298928
299042
299636
299875
300106
301355
302714
304390
305623
306110
306396
308000
309082
309852
309884
311515
311851
313040
313125
313404
315037
316331
316639
316713
317359
318320
318497
319548
322133
322537
322765
323769
325270
325407
326798
330561
334934
337536
345376
349143
350537
352450
358216
358385
359503
361171
361312
363068
363332
363766
366010
367620
367949
369236
371341
372683
373866
379812
380435
381260
384069
386707
388002
391324
392832
396509
398592
398839
399994
401602
403962
407715
408275
409707
411047
414340
416563
421097
422094
422984
425107
427627
428740
430455
431103
435739
435863
438688
439274
441402
443996
444265
445810
448308
448779
450007
452627
453102
454491
454734
455274
457382
458947
459485
459530
459998
460371
460878
461399
462655
465126
465982
467816
468186
468659
469855
470527
471159
471562
471606
472055
472061
472286
472341
472486
473392
473489
473753
473779
473914
474025
474156
474240
474682
476716
476856
477580
478179
479570
479579
479617
479668
479813
480082
480104
480699
481421
481467
482279
484261
485363
485825
485894
486778
487911
488543
488580
488602
489346
489776
491831
492086
492231
492852
493432
494672
494890
495963
496120
496723
497698
498185
498322
498574
498582
498648
498969
499642
499984
500349
500603
500784
500843
500913
500913
501328
501357
501384
501523
502664
502675
502790
503197
503619
504567
505098
506231
506345
507096
507110
507561
508628
508785
508975
510226
511262
511331
512792
513050
513409
513625
513644
514308
515432
515885
516150
516741
516785
516933
517210
517372
518718
518744
519151
519553
519659
520026
520773
522858
523171
523560
523962
524300
525346
525541
525620
525906
526279
526689
526995
527580
527909
528063
528163
528352
528544
528558
528975
529112
529598
529623
529746
529870
529952
530949
531138
531205
531454
531516
531975
532086
532458
532788
532838
532841
532967
532967
533123
533226
533647
533761
533990
534130
534332
534725
534992
535175
535233
535636
535706
535713
535742
535754
535774
535839
535929
536364
536574
536682
536693
536746
536909
536951
536960
538457
539201
539421
539422
540075
540163
540393
540718
540805
540995
541021
541269
541640
541763
541941
542705
542726
542802
542904
543024
543066
543892
544031
544266
544289
544888
545073
545226
545443
545459
545483
545686
545783
545993
545995
546194
546275
546976
546978
547370
547584
547732
547879
548001
548121
548337
548525
548532
548970
549431
549862
550110
550171
551004
551155
551316
551455
551957
552002
552538
553108
553406
553544
553673
553954
554167
554352
554566
554731
555031
555222
555409
555421
555499
555777
555936
555982
556246
556333
556339
556362
556372
556406
556564
556588
556607
556611
556715
556808
557096
557773
557793
557964
557972
558139
558391
558733
559166
559354
559751
559829
559864
560110
560243
560395
560730
560926
561573
562386
562407
562821
562882
563255
563257
563287
563617
564140
564846
565192
565293
565340
566003
566238
566284
566602
566941
566962
567095
567101
567252
567398
567698
568384
568515
568523
568535
568707
568748
568958
569267
569458
569803
569925
570036
570345
570909
571136
571311
571466
571523
571575
571640
571875
572123
572155
572194
572520
572578
572597
572844
572901
573405
574386
574680
574987
575092
575289
575628
575716
575794
575798
576006
576310
576570
576731
576886
576950
577950
578271
578321
578384
578398
578558
578769
578853
578999
579165
579660
580147
580300
580328
580542
580592
580651
580778
580780
580996
581078
581199
581341
581447
581453
581913
581927
582118
582186
582367
582441
582484
582488
582666
582986
583197
584013
584045
585257
585603
585686
585793
585873
585974
586021
586062
586133
586266
586363
586490
586751
586835
586891
586962
587165
587334
588013
588431
588988
589011
589228
590054
590130
590399
590755
590799
591053
591186
591356
591525
592098
592192
592234
592269
592904
592970
593460
594395
594412
594413
594418
594665
594991
595223
595415
595753
596368
596614
597122
597126
597545
597599
597794
597797
599117
599448
599488
599496
599889
600089
601052
601540
601665
602069
602159
603341
603446
604261
604681
604927
604959
605595
606711
607616
608479
608696
609850
610879
611718
612021
614275
614384
617083
617447
620126
621303
624719
626310
626491
626669
627432
628703
631151
635880
637091
637557
640257
645379
646276
646380
647865
648396
649391
651853
659562
661104
662512
663098
664163
673239
676021
677631
682357
685719
691318
691460
693418
707550
40909
61692
72085
78729
81909
96591
109849
111300
114398
116292
117075
117309
117954
118973
119227
119332
119469
120724
122503
123596
124831
125609
126413
126518
126792
127552
128077
128181
128524
128599
128844
130522
130635
131211
131510
132239
132513
132927
133981
134332
135918
136034
136143
136292
137021
137648
138469
138785
139764
141114
141169
142866
143639
144012
144458
144596
144732
144745
146199
146600
149261
151564
156302
158038
160561
161365
161985
162953
162970
164341
164467
165838
167363
168182
168418
168648
171595
171857
172676
173541
174416
175424
175762
176297
177142
177164
178307
178521
178734
179607
179638
182324
183541
183600
185701
187516
187595
188142
188269
188273
188385
192149
193716
194102
194708
195108
196580
196627
197190
197224
197322
200642
201000
203121
203422
204261
204311
205096
206506
207164
207230
208093
211220
211669
212550
212963
213214
213837
214643
215019
215873
217976
218420
218843
220015
220281
221876
222110
222879
222893
223107
224011
224029
225275
226791
229307
229938
229971
230344
231922
232494
232805
234979
235115
235136
235250
236083
238674
238690
241076
243241
244259
245941
246042
247119
247535
248089
248551
249348
249624
250782
251640
252006
252330
252451
254164
257763
259831
261016
261219
261308
261819
263083
263591
264653
265603
267428
267650
267773
268622
268747
269707
270054
270340
270881
272208
272702
273416
273601
274127
274642
275014
275247
276656
276761
276830
278243
278431
279064
279110
279137
279730
279790
280066
280759
281185
281197
281411
281526
281528
282803
284802
285006
285311
285505
286006
286783
287415
287798
288726
289211
289261
289317
290230
291210
292168
292372
292447
292835
292938
293044
295549
295715
296203
296703
297117
298051
298351
298747
298928
299042
299636
299875
300106
301355
302714
304390
305623
306110
306396
308000
309082
309852
309884
311515
311851
313040
313125
313404
315037
316331
316639
316713
317359
318320
318497
319548
322133
322537
322765
323769
325270
325407
326798
330561
334934
337536
345376
349143
350537
352450
358216
358385
359503
361171
361312
363068
363332
363766
366010
367620
367949
369236
371341
372683
373866
379812
380435
381260
384069
386707
388002
391324
392832
396509
398592
398839
399994
401602
403962
407715
408275
409707
411047
414340
416563
421097
422094
422984
425107
427627
428740
430455
431103
435739
435863
438688
439274
441402
443996
444265
445810
448308
448779
450007
452627
453102
454491
454734
455274
457382
458947
459485
459530
459998
460371
460878
461399
462655
465126
465982
467816
468186
468659
469855
470527
471159
471562
471606
472055
472061
472286
472341
472486
473392
473489
473753
473779
473914
474025
474156
474240
474682
476716
476856
477580
478179
479570
479579
479617
479668
479813
480082
480104
480699
481421
481467
482279
484261
485363
485825
485894
486778
487911
488543
488580
488602
489346
489776
491831
492086
492231
492852
493432
494672
494890
495963
496120
496723
497698
498185
498322
498574
498582
498648
498969
499642
499984
500349
500603
500784
500843
500913
500913
501328
501357
501384
501523
502664
502675
502790
503197
503619
504567
505098
506231
506345
507096
507110
507561
508628
508785
508975
510226
511262
511331
512792
513050
513409
513625
513644
514308
515432
515885
516150
516741
516785
516933
517210
517372
518718
518744
519151
519553
519659
520026
520773
522858
523171
523560
523962
524300
525346
525541
525620
525906
526279
526689
526995
527580
527909
528063
528163
528352
528544
528558
528975
529112
529598
529623
529746
529870
529952
530949
531138
531205
531454
531516
531975
532086
532458
532788
532838
532841
532967
532967
533123
533226
533647
533761
533990
534130
534332
534725
534992
535175
535233
535636
535706
535713
535742
535754
535774
535839
535929
536364
536574
536682
536693
536746
536909
536951
536960
538457
539201
539421
539422
540075
540163
540393
540718
540805
540995
541021
541269
541640
541763
541941
542705
542726
542802
542904
543024
543066
543892
544031
544266
544289
544888
545073
545226
545443
545459
545483
545686
545783
545993
545995
546194
546275
546976
546978
547370
547584
547732
547879
548001
548121
548337
548525
548532
548970
549431
549862
550110
550171
551004
551155
551316
551455
551957
552002
552538
553108
553406
553544
553673
553954
554167
554352
554566
554731
555031
555222
555409
555421
555499
555777
555936
555982
556246
556333
556339
556362
556372
556406
556564
556588
556607
556611
556715
556808
557096
557773
557793
557964
557972
558139
558391
558733
559166
559354
559751
559829
559864
560110
560243
560395
560730
560926
561573
562386
562407
562821
562882
563255
563257
563287
563617
564140
564846
565192
565293
565340
566003
566238
566284
566602
566941
566962
567095
567101
567252
567398
567698
568384
568515
568523
568535
568707
568748
568958
569267
569458
569803
569925
570036
570345
570909
571136
571311
571466
571523
571575
571640
571875
572123
572155
572194
572520
572578
572597
572844
572901
573405
574386
574680
574987
575092
575289
575628
575716
575794
575798
576006
576310
576570
576731
576886
576950
577950
578271
578321
578384
578398
578558
578769
578853
578999
579165
579660
580147
580300
580328
580542
580592
580651
580778
580780
580996
581078
581199
581341
581447
581453
581913
581927
582118
582186
582367
582441
582484
582488
582666
582986
583197
584013
584045
585257
585603
585686
585793
585873
585974
586021
586062
586133
586266
586363
586490
586751
586835
586891
586962
587165
587334
588013
588431
588988
589011
589228
590054
590130
590399
590755
590799
591053
591186
591356
591525
592098
592192
592234
592269
592904
592970
593460
594395
594412
594413
594418
594665
594991
595223
595415
595753
596368
596614
597122
597126
597545
597599
597794
597797
599117
599448
599488
599496
599889
600089
601052
601540
601665
602069
602159
603341
603446
604261
604681
604927
604959
605595
606711
607616
608479
608696
609850
610879
611718
612021
614275
614384
617083
617447
620126
621303
624719
626310
626491
626669
627432
628703
631151
635880
637091
637557
640257
645379
646276
646380
647865
648396
649391
651853
659562
661104
662512
663098
664163
673239
676021
677631
682357
685719
691318
691460
693418
707550
