375405
379196
400986
407317
412063
412964
417339
418198
422196
432974
444919
448652
449611
449841
450354
451686
452421
457361
457556
460542
460575
460970
462465
464753
466656
468176
468525
468905
469103
469139
469970
470271
471059
471538
472470
473170
473964
474092
474583
474816
475544
476004
476583
476693
478688
479219
479844
481668
482635
483603
483773
486317
486614
486719
487126
488490
488734
488868
489064
489448
489476
490120
490240
490407
490571
490863
490892
490971
491397
491549
492321
492463
492572
492972
493204
493790
494254
494382
494504
494557
494685
495109
495276
495828
495984
496134
496187
496288
496670
496753
497584
497749
497916
498128
498259
498544
499570
499670
500740
500829
500856
500970
501780
501902
501972
502203
502388
502477
502518
502576
502588
502660
503045
503504
503828
504744
504939
505427
505680
505873
506267
507063
507156
507301
507312
507703
507856
508626
508790
509033
509060
509503
509550
509988
510192
510257
510735
511041
511126
512081
512131
512197
512229
512767
513496
513890
514182
514849
514966
515108
515492
516088
516573
516703
517115
517140
517201
517518
517909
518026
518110
518430
519069
519389
519649
519755
520261
520577
521224
521348
521408
521741
521860
521921
522427
523226
523693
525019
526162
526248
526648
527121
527419
527482
527656
527741
528270
528827
528945
529399
529513
529539
529542
529673
529855
530054
530246
530506
530529
530665
530772
530786
531051
531175
531387
531552
532354
532794
533403
533428
533701
534254
534577
534599
534720
534758
534817
534921
535042
535196
535529
535544
535754
535982
536041
536341
536417
536791
536875
537196
537273
537293
537640
537845
537988
538056
538429
538599
538730
538830
538902
539308
539351
539418
539501
539634
539737
540559
540577
540676
541014
541036
541090
541119
541162
541166
541185
541448
541575
541581
542094
542126
542172
542362
543027
543055
543149
543188
543333
543437
543590
544256
544846
545338
545462
545554
545618
545733
546339
546446
546585
546606
546624
546729
546910
547171
547298
547398
547533
547557
547605
547786
547817
548027
548177
548202
548349
548516
548927
549005
549332
549502
549687
549703
549736
550147
550354
550461
550503
550561
550975
551011
551597
551930
552166
552255
552454
552482
552795
552806
552887
553644
553741
553912
554021
554167
554242
554569
555383
555568
555709
555896
556630
556974
557374
557624
557809
557815
557947
558103
558426
558686
558691
559010
559252
559389
559680
559695
559821
559957
560171
560370
560542
561213
561527
561641
562075
562091
562193
562220
562486
562829
563935
565049
565053
565715
565994
566258
566487
566498
567379
567922
568139
568156
568288
568691
568729
569784
569929
569971
570048
570227
570390
570475
570495
570929
571047
571201
571777
571805
571961
572170
572211
572709
572761
572794
572870
573272
573556
573866
573888
574338
574737
574851
575304
575354
575778
575916
575937
576477
576726
577149
577293
577368
577484
577829
577896
577902
578012
579478
579521
579720
580054
580214
580678
580768
580787
580972
581267
581324
582184
582406
582411
583144
585184
585294
585511
585710
585809
585970
586064
586161
586466
587096
587306
588004
588471
589035
589141
589274
589339
589498
590016
590345
590621
590872
592174
592194
592774
593472
593572
593835
594446
594803
595223
595429
595725
596496
596901
597768
598319
598335
598725
600152
600593
601341
602002
602732
604753
605629
606240
607904
608652
608750
608780
609620
609828
610471
611296
611668
612013
612485
612786
612849
614312
616718
616908
617517
617558
618138
618312
618357
618414
619484
619546
620568
622092
622604
623915
624168
625113
625428
625801
627074
627105
627426
627444
627598
628156
628274
628806
630430
630563
630766
630810
632080
632668
633242
633304
633835
634155
635108
635601
637713
638923
639064
641145
642786
643869
644659
646408
648316
648327
648675
649570
649941
650214
651154
651325
652724
657175
657281
658757
659224
661140
661466
662963
666310
667768
670633
680139
680183
681106
684986
685637
688054
690549
690871
690887
693129
693274
694288
696039
697355
698500
700206
701470
702028
702700
706598
706733
707241
707589
707720
711474
712023
712788
715029
716209
716926
718616
719738
720646
720842
722010
722724
722808
725813
726101
726526
728073
729056
729295
729315
730274
730583
731199
731945
731982
734416
737077
738376
740413
743486
746037
747546
748967
749519
750908
756670
756852
758262
759880
766183
766838
772331
772798
775196
776499
820943
829829
833161
834949
836144
836395
839199
839220
841069
841168
841916
843960
845436
845802
846334
847977
850569
851013
851558
853389
854903
855969
857679
860648
864081
874611
1000862
1002339
1143273
1290947
1295169
1297997
1304127
1307089
1691689
375405
379196
400986
407317
412063
412964
417339
418198
422196
432974
444919
448652
449611
449841
450354
451686
452421
457361
457556
460542
460575
460970
462465
464753
466656
468176
468525
468905
469103
469139
469970
470271
471059
471538
472470
473170
473964
474092
474583
474816
475544
476004
476583
476693
478688
479219
479844
481668
482635
483603
483773
486317
486614
486719
487126
488490
488734
488868
489064
489448
489476
490120
490240
490407
490571
490863
490892
490971
491397
491549
492321
492463
492572
492972
493204
493790
494254
494382
494504
494557
494685
495109
495276
495828
495984
496134
496187
496288
496670
496753
497584
497749
497916
498128
498259
498544
499570
499670
500740
500829
500856
500970
501780
501902
501972
502203
502388
502477
502518
502576
502588
502660
503045
503504
503828
504744
504939
505427
505680
505873
506267
507063
507156
507301
507312
507703
507856
508626
508790
509033
509060
509503
509550
509988
510192
510257
510735
511041
511126
512081
512131
512197
512229
512767
513496
513890
514182
514849
514966
515108
515492
516088
516573
516703
517115
517140
517201
517518
517909
518026
518110
518430
519069
519389
519649
519755
520261
520577
521224
521348
521408
521741
521860
521921
522427
523226
523693
525019
526162
526248
526648
527121
527419
527482
527656
527741
528270
528827
528945
529399
529513
529539
529542
529673
529855
530054
530246
530506
530529
530665
530772
530786
531051
531175
531387
531552
532354
532794
533403
533428
533701
534254
534577
534599
534720
534758
534817
534921
535042
535196
535529
535544
535754
535982
536041
536341
536417
536791
536875
537196
537273
537293
537640
537845
537988
538056
538429
538599
538730
538830
538902
539308
539351
539418
539501
539634
539737
540559
540577
540676
541014
541036
541090
541119
541162
541166
541185
541448
541575
541581
542094
542126
542172
542362
543027
543055
543149
543188
543333
543437
543590
544256
544846
545338
545462
545554
545618
545733
546339
546446
546585
546606
546624
546729
546910
547171
547298
547398
547533
547557
547605
547786
547817
548027
548177
548202
548349
548516
548927
549005
549332
549502
549687
549703
549736
550147
550354
550461
550503
550561
550975
551011
551597
551930
552166
552255
552454
552482
552795
552806
552887
553644
553741
553912
554021
554167
554242
554569
555383
555568
555709
555896
556630
556974
557374
557624
557809
557815
557947
558103
558426
558686
558691
559010
559252
559389
559680
559695
559821
559957
560171
560370
560542
561213
561527
561641
562075
562091
562193
562220
562486
562829
563935
565049
565053
565715
565994
566258
566487
566498
567379
567922
568139
568156
568288
568691
568729
569784
569929
569971
570048
570227
570390
570475
570495
570929
571047
571201
571777
571805
571961
572170
572211
572709
572761
572794
572870
573272
573556
573866
573888
574338
574737
574851
575304
575354
575778
575916
575937
576477
576726
577149
577293
577368
577484
577829
577896
577902
578012
579478
579521
579720
580054
580214
580678
580768
580787
580972
581267
581324
582184
582406
582411
583144
585184
585294
585511
585710
585809
585970
586064
586161
586466
587096
587306
588004
588471
589035
589141
589274
589339
589498
590016
590345
590621
590872
592174
592194
592774
593472
593572
593835
594446
594803
595223
595429
595725
596496
596901
597768
598319
598335
598725
600152
600593
601341
602002
602732
604753
605629
606240
607904
608652
608750
608780
609620
609828
610471
611296
611668
612013
612485
612786
612849
614312
616718
616908
617517
617558
618138
618312
618357
618414
619484
619546
620568
622092
622604
623915
624168
625113
625428
625801
627074
627105
627426
627444
627598
628156
628274
628806
630430
630563
630766
630810
632080
632668
633242
633304
633835
634155
635108
635601
637713
638923
639064
641145
642786
643869
644659
646408
648316
648327
648675
649570
649941
650214
651154
651325
652724
657175
657281
658757
659224
661140
661466
662963
666310
667768
670633
680139
680183
681106
684986
685637
688054
690549
690871
690887
693129
693274
694288
696039
697355
698500
700206
701470
702028
702700
706598
706733
707241
707589
707720
711474
712023
712788
715029
716209
716926
718616
719738
720646
720842
722010
722724
722808
725813
726101
726526
728073
729056
729295
729315
730274
730583
731199
731945
731982
734416
737077
738376
740413
743486
746037
747546
748967
749519
750908
756670
756852
758262
759880
766183
766838
772331
772798
775196
776499
820943
829829
833161
834949
836144
836395
839199
839220
841069
841168
841916
843960
845436
845802
846334
847977
850569
851013
851558
853389
854903
855969
857679
860648
864081
874611
1000862
1002339
1143273
1290947
1295169
1297997
1304127
1307089
1691689
375405
379196
400986
407317
412063
412964
417339
418198
422196
432974
444919
448652
449611
449841
450354
451686
452421
457361
457556
460542
460575
460970
462465
464753
466656
468176
468525
468905
469103
469139
469970
470271
471059
471538
472470
473170
473964
474092
474583
474816
475544
476004
476583
476693
478688
479219
479844
481668
482635
483603
483773
486317
486614
486719
487126
488490
488734
488868
489064
489448
489476
490120
490240
490407
490571
490863
490892
490971
491397
491549
492321
492463
492572
492972
493204
493790
494254
494382
494504
494557
494685
495109
495276
495828
495984
496134
496187
496288
496670
496753
497584
497749
497916
498128
498259
498544
499570
499670
500740
500829
500856
500970
501780
501902
501972
502203
502388
502477
502518
502576
502588
502660
503045
503504
503828
504744
504939
505427
505680
505873
506267
507063
507156
507301
507312
507703
507856
508626
508790
509033
509060
509503
509550
509988
510192
510257
510735
511041
511126
512081
512131
512197
512229
512767
513496
513890
514182
514849
514966
515108
515492
516088
516573
516703
517115
517140
517201
517518
517909
518026
518110
518430
519069
519389
519649
519755
520261
520577
521224
521348
521408
521741
521860
521921
522427
523226
523693
525019
526162
526248
526648
527121
527419
527482
527656
527741
528270
528827
528945
529399
529513
529539
529542
529673
529855
530054
530246
530506
530529
530665
530772
530786
531051
531175
531387
531552
532354
532794
533403
533428
533701
534254
534577
534599
534720
534758
534817
534921
535042
535196
535529
535544
535754
535982
536041
536341
536417
536791
536875
537196
537273
537293
537640
537845
537988
538056
538429
538599
538730
538830
538902
539308
539351
539418
539501
539634
539737
540559
540577
540676
541014
541036
541090
541119
541162
541166
541185
541448
541575
541581
542094
542126
542172
542362
543027
543055
543149
543188
543333
543437
543590
544256
544846
545338
545462
545554
545618
545733
546339
546446
546585
546606
546624
546729
546910
547171
547298
547398
547533
547557
547605
547786
547817
548027
548177
548202
548349
548516
548927
549005
549332
549502
549687
549703
549736
550147
550354
550461
550503
550561
550975
551011
551597
551930
552166
552255
552454
552482
552795
552806
552887
553644
553741
553912
554021
554167
554242
554569
555383
555568
555709
555896
556630
556974
557374
557624
557809
557815
557947
558103
558426
558686
558691
559010
559252
559389
559680
559695
559821
559957
560171
560370
560542
561213
561527
561641
562075
562091
562193
562220
562486
562829
563935
565049
565053
565715
565994
566258
566487
566498
567379
567922
568139
568156
568288
568691
568729
569784
569929
569971
570048
570227
570390
570475
570495
570929
571047
571201
571777
571805
571961
572170
572211
572709
572761
572794
572870
573272
573556
573866
573888
574338
574737
574851
575304
575354
575778
575916
575937
576477
576726
577149
577293
577368
577484
577829
577896
577902
578012
579478
579521
579720
580054
580214
580678
580768
580787
580972
581267
581324
582184
582406
582411
583144
585184
585294
585511
585710
585809
585970
586064
586161
586466
587096
587306
588004
588471
589035
589141
589274
589339
589498
590016
590345
590621
590872
592174
592194
592774
593472
593572
593835
594446
594803
595223
595429
595725
596496
596901
597768
598319
598335
598725
600152
600593
601341
602002
602732
604753
605629
606240
607904
608652
608750
608780
609620
609828
610471
611296
611668
612013
612485
612786
612849
614312
616718
616908
617517
617558
618138
618312
618357
618414
619484
619546
620568
622092
622604
623915
624168
625113
625428
625801
627074
627105
627426
627444
627598
628156
628274
628806
630430
630563
630766
630810
632080
632668
633242
633304
633835
634155
635108
635601
637713
638923
639064
641145
642786
643869
644659
646408
648316
648327
648675
649570
649941
650214
651154
651325
652724
657175
657281
658757
659224
661140
661466
662963
666310
667768
670633
680139
680183
681106
684986
685637
688054
690549
690871
690887
693129
693274
694288
696039
697355
698500
700206
701470
702028
702700
706598
706733
707241
707589
707720
711474
712023
712788
715029
716209
716926
718616
719738
720646
720842
722010
722724
722808
725813
726101
726526
728073
729056
729295
729315
730274
730583
731199
731945
731982
734416
737077
738376
740413
743486
746037
747546
748967
749519
750908
756670
756852
758262
759880
766183
766838
772331
772798
775196
776499
820943
829829
833161
834949
836144
836395
839199
839220
841069
841168
841916
843960
845436
845802
846334
847977
850569
851013
851558
853389
854903
855969
857679
860648
864081
874611
1000862
1002339
1143273
1290947
1295169
1297997
1304127
1307089
1691689
375405
379196
400986
407317
412063
412964
417339
418198
422196
432974
444919
448652
449611
449841
450354
451686
452421
457361
457556
460542
460575
460970
462465
464753
466656
468176
468525
468905
469103
469139
469970
470271
471059
471538
472470
473170
473964
474092
474583
474816
475544
476004
476583
476693
478688
479219
479844
481668
482635
483603
483773
486317
486614
486719
487126
488490
488734
488868
489064
489448
489476
490120
490240
490407
490571
490863
490892
490971
491397
491549
492321
492463
492572
492972
493204
493790
494254
494382
494504
494557
494685
495109
495276
495828
495984
496134
496187
496288
496670
496753
497584
497749
497916
498128
498259
498544
499570
499670
500740
500829
500856
500970
501780
501902
501972
502203
502388
502477
502518
502576
502588
502660
503045
503504
503828
504744
504939
505427
505680
505873
506267
507063
507156
507301
507312
507703
507856
508626
508790
509033
509060
509503
509550
509988
510192
510257
510735
511041
511126
512081
512131
512197
512229
512767
513496
513890
514182
514849
514966
515108
515492
516088
516573
516703
517115
517140
517201
517518
517909
518026
518110
518430
519069
519389
519649
519755
520261
520577
521224
521348
521408
521741
521860
521921
522427
523226
523693
525019
526162
526248
526648
527121
527419
527482
527656
527741
528270
528827
528945
529399
529513
529539
529542
529673
529855
530054
530246
530506
530529
530665
530772
530786
531051
531175
531387
531552
532354
532794
533403
533428
533701
534254
534577
534599
534720
534758
534817
534921
535042
535196
535529
535544
535754
535982
536041
536341
536417
536791
536875
537196
537273
537293
537640
537845
537988
538056
538429
538599
538730
538830
538902
539308
539351
539418
539501
539634
539737
540559
540577
540676
541014
541036
541090
541119
541162
541166
541185
541448
541575
541581
542094
542126
542172
542362
543027
543055
543149
543188
543333
543437
543590
544256
544846
545338
545462
545554
545618
545733
546339
546446
546585
546606
546624
546729
546910
547171
547298
547398
547533
547557
547605
547786
547817
548027
548177
548202
548349
548516
548927
549005
549332
549502
549687
549703
549736
550147
550354
550461
550503
550561
550975
551011
551597
551930
552166
552255
552454
552482
552795
552806
552887
553644
553741
553912
554021
554167
554242
554569
555383
555568
555709
555896
556630
556974
557374
557624
557809
557815
557947
558103
558426
558686
558691
559010
559252
559389
559680
559695
559821
559957
560171
560370
560542
561213
561527
561641
562075
562091
562193
562220
562486
562829
563935
565049
565053
565715
565994
566258
566487
566498
567379
567922
568139
568156
568288
568691
568729
569784
569929
569971
570048
570227
570390
570475
570495
570929
571047
571201
571777
571805
571961
572170
572211
572709
572761
572794
572870
573272
573556
573866
573888
574338
574737
574851
575304
575354
575778
575916
575937
576477
576726
577149
577293
577368
577484
577829
577896
577902
578012
579478
579521
579720
580054
580214
580678
580768
580787
580972
581267
581324
582184
582406
582411
583144
585184
585294
585511
585710
585809
585970
586064
586161
586466
587096
587306
588004
588471
589035
589141
589274
589339
589498
590016
590345
590621
590872
592174
592194
592774
593472
593572
593835
594446
594803
595223
595429
595725
596496
596901
597768
598319
598335
598725
600152
600593
601341
602002
602732
604753
605629
606240
607904
608652
608750
608780
609620
609828
610471
611296
611668
612013
612485
612786
612849
614312
616718
616908
617517
617558
618138
618312
618357
618414
619484
619546
620568
622092
622604
623915
624168
625113
625428
625801
627074
627105
627426
627444
627598
628156
628274
628806
630430
630563
630766
630810
632080
632668
633242
633304
633835
634155
635108
635601
637713
638923
639064
641145
642786
643869
644659
646408
648316
648327
648675
649570
649941
650214
651154
651325
652724
657175
657281
658757
659224
661140
661466
662963
666310
667768
670633
680139
680183
681106
684986
685637
688054
690549
690871
690887
693129
693274
694288
696039
697355
698500
700206
701470
702028
702700
706598
706733
707241
707589
707720
711474
712023
712788
715029
716209
716926
718616
719738
720646
720842
722010
722724
722808
725813
726101
726526
728073
729056
729295
729315
730274
730583
731199
731945
731982
734416
737077
738376
740413
743486
746037
747546
748967
749519
750908
756670
756852
758262
759880
766183
766838
772331
772798
775196
776499
820943
829829
833161
834949
836144
836395
839199
839220
841069
841168
841916
843960
845436
845802
846334
847977
850569
851013
851558
853389
854903
855969
857679
860648
864081
874611
1000862
1002339
1143273
1290947
1295169
1297997
1304127
1307089
1691689
375405
379196
400986
407317
412063
412964
417339
418198
422196
432974
444919
448652
449611
449841
450354
451686
452421
457361
457556
460542
460575
460970
462465
464753
466656
468176
468525
468905
469103
469139
469970
470271
471059
471538
472470
473170
473964
474092
474583
474816
475544
476004
476583
476693
478688
479219
479844
481668
482635
483603
483773
486317
486614
486719
487126
488490
488734
488868
489064
489448
489476
490120
490240
490407
490571
490863
490892
490971
491397
491549
492321
492463
492572
492972
493204
493790
494254
494382
494504
494557
494685
495109
495276
495828
495984
496134
496187
496288
496670
496753
497584
497749
497916
498128
498259
498544
499570
499670
500740
500829
500856
500970
501780
501902
501972
502203
502388
502477
502518
502576
502588
502660
503045
503504
503828
504744
504939
505427
505680
505873
506267
507063
507156
507301
507312
507703
507856
508626
508790
509033
509060
509503
509550
509988
510192
510257
510735
511041
511126
512081
512131
512197
512229
512767
513496
513890
514182
514849
514966
515108
515492
516088
516573
516703
517115
517140
517201
517518
517909
518026
518110
518430
519069
519389
519649
519755
520261
520577
521224
521348
521408
521741
521860
521921
522427
523226
523693
525019
526162
526248
526648
527121
527419
527482
527656
527741
528270
528827
528945
529399
529513
529539
529542
529673
529855
530054
530246
530506
530529
530665
530772
530786
531051
531175
531387
531552
532354
532794
533403
533428
533701
534254
534577
534599
534720
534758
534817
534921
535042
535196
535529
535544
535754
535982
536041
536341
536417
536791
536875
537196
537273
537293
537640
537845
537988
538056
538429
538599
538730
538830
538902
539308
539351
539418
539501
539634
539737
540559
540577
540676
541014
541036
541090
541119
541162
541166
541185
541448
541575
541581
542094
542126
542172
542362
543027
543055
543149
543188
543333
543437
543590
544256
544846
545338
545462
545554
545618
545733
546339
546446
546585
546606
546624
546729
546910
547171
547298
547398
547533
547557
547605
547786
547817
548027
548177
548202
548349
548516
548927
549005
549332
549502
549687
549703
549736
550147
550354
550461
550503
550561
550975
551011
551597
551930
552166
552255
552454
552482
552795
552806
552887
553644
553741
553912
554021
554167
554242
554569
555383
555568
555709
555896
556630
556974
557374
557624
557809
557815
557947
558103
558426
558686
558691
559010
559252
559389
559680
559695
559821
559957
560171
560370
560542
561213
561527
561641
562075
562091
562193
562220
562486
562829
563935
565049
565053
565715
565994
566258
566487
566498
567379
567922
568139
568156
568288
568691
568729
569784
569929
569971
570048
570227
570390
570475
570495
570929
571047
571201
571777
571805
571961
572170
572211
572709
572761
572794
572870
573272
573556
573866
573888
574338
574737
574851
575304
575354
575778
575916
575937
576477
576726
577149
577293
577368
577484
577829
577896
577902
578012
579478
579521
579720
580054
580214
580678
580768
580787
580972
581267
581324
582184
582406
582411
583144
585184
585294
585511
585710
585809
585970
586064
586161
586466
587096
587306
588004
588471
589035
589141
589274
589339
589498
590016
590345
590621
590872
592174
592194
592774
593472
593572
593835
594446
594803
595223
595429
595725
596496
596901
597768
598319
598335
598725
600152
600593
601341
602002
602732
604753
605629
606240
607904
608652
608750
608780
609620
609828
610471
611296
611668
612013
612485
612786
612849
614312
616718
616908
617517
617558
618138
618312
618357
618414
619484
619546
620568
622092
622604
623915
624168
625113
625428
625801
627074
627105
627426
627444
627598
628156
628274
628806
630430
630563
630766
630810
632080
632668
633242
633304
633835
634155
635108
635601
637713
638923
639064
641145
642786
643869
644659
646408
648316
648327
648675
649570
649941
650214
651154
651325
652724
657175
657281
658757
659224
661140
661466
662963
666310
667768
670633
680139
680183
681106
684986
685637
688054
690549
690871
690887
693129
693274
694288
696039
697355
698500
700206
701470
702028
702700
706598
706733
707241
707589
707720
711474
712023
712788
715029
716209
716926
718616
719738
720646
720842
722010
722724
722808
725813
726101
726526
728073
729056
729295
729315
730274
730583
731199
731945
731982
734416
737077
738376
740413
743486
746037
747546
748967
749519
750908
756670
756852
758262
759880
766183
766838
772331
772798
775196
776499
820943
829829
833161
834949
836144
836395
839199
839220
841069
841168
841916
843960
845436
845802
846334
847977
850569
851013
851558
853389
854903
855969
857679
860648
864081
874611
1000862
1002339
1143273
1290947
1295169
1297997
1304127
1307089
1691689
375405
379196
400986
407317
412063
412964
417339
418198
422196
432974
444919
448652
449611
449841
450354
451686
452421
457361
457556
460542
460575
460970
462465
464753
466656
468176
468525
468905
469103
469139
469970
470271
471059
471538
472470
473170
473964
474092
474583
474816
475544
476004
476583
476693
478688
479219
479844
481668
482635
483603
483773
486317
486614
486719
487126
488490
488734
488868
489064
489448
489476
490120
490240
490407
490571
490863
490892
490971
491397
491549
492321
492463
492572
492972
493204
493790
494254
494382
494504
494557
494685
495109
495276
495828
495984
496134
496187
496288
496670
496753
497584
497749
497916
498128
498259
498544
499570
499670
500740
500829
500856
500970
501780
501902
501972
502203
502388
502477
502518
502576
502588
502660
503045
503504
503828
504744
504939
505427
505680
505873
506267
507063
507156
507301
507312
507703
507856
508626
508790
509033
509060
509503
509550
509988
510192
510257
510735
511041
511126
512081
512131
512197
512229
512767
513496
513890
514182
514849
514966
515108
515492
516088
516573
516703
517115
517140
517201
517518
517909
518026
518110
518430
519069
519389
519649
519755
520261
520577
521224
521348
521408
521741
521860
521921
522427
523226
523693
525019
526162
526248
526648
527121
527419
527482
527656
527741
528270
528827
528945
529399
529513
529539
529542
529673
529855
530054
530246
530506
530529
530665
530772
530786
531051
531175
531387
531552
532354
532794
533403
533428
533701
534254
534577
534599
534720
534758
534817
534921
535042
535196
535529
535544
535754
535982
536041
536341
536417
536791
536875
537196
537273
537293
537640
537845
537988
538056
538429
538599
538730
538830
538902
539308
539351
539418
539501
539634
539737
540559
540577
540676
541014
541036
541090
541119
541162
541166
541185
541448
541575
541581
542094
542126
542172
542362
543027
543055
543149
543188
543333
543437
543590
544256
544846
545338
545462
545554
545618
545733
546339
546446
546585
546606
546624
546729
546910
547171
547298
547398
547533
547557
547605
547786
547817
548027
548177
548202
548349
548516
548927
549005
549332
549502
549687
549703
549736
550147
550354
550461
550503
550561
550975
551011
551597
551930
552166
552255
552454
552482
552795
552806
552887
553644
553741
553912
554021
554167
554242
554569
555383
555568
555709
555896
556630
556974
557374
557624
557809
557815
557947
558103
558426
558686
558691
559010
559252
559389
559680
559695
559821
559957
560171
560370
560542
561213
561527
561641
562075
562091
562193
562220
562486
562829
563935
565049
565053
565715
565994
566258
566487
566498
567379
567922
568139
568156
568288
568691
568729
569784
569929
569971
570048
570227
570390
570475
570495
570929
571047
571201
571777
571805
571961
572170
572211
572709
572761
572794
572870
573272
573556
573866
573888
574338
574737
574851
575304
575354
575778
575916
575937
576477
576726
577149
577293
577368
577484
577829
577896
577902
578012
579478
579521
579720
580054
580214
580678
580768
580787
580972
581267
581324
582184
582406
582411
583144
585184
585294
585511
585710
585809
585970
586064
586161
586466
587096
587306
588004
588471
589035
589141
589274
589339
589498
590016
590345
590621
590872
592174
592194
592774
593472
593572
593835
594446
594803
595223
595429
595725
596496
596901
597768
598319
598335
598725
600152
600593
601341
602002
602732
604753
605629
606240
607904
608652
608750
608780
609620
609828
610471
611296
611668
612013
612485
612786
612849
614312
616718
616908
617517
617558
618138
618312
618357
618414
619484
619546
620568
622092
622604
623915
624168
625113
625428
625801
627074
627105
627426
627444
627598
628156
628274
628806
630430
630563
630766
630810
632080
632668
633242
633304
633835
634155
635108
635601
637713
638923
639064
641145
642786
643869
644659
646408
648316
648327
648675
649570
649941
650214
651154
651325
652724
657175
657281
658757
659224
661140
661466
662963
666310
667768
670633
680139
680183
681106
684986
685637
688054
690549
690871
690887
693129
693274
694288
696039
697355
698500
700206
701470
702028
702700
706598
706733
707241
707589
707720
711474
712023
712788
715029
716209
716926
718616
719738
720646
720842
722010
722724
722808
725813
726101
726526
728073
729056
729295
729315
730274
730583
731199
731945
731982
734416
737077
738376
740413
743486
746037
747546
748967
749519
750908
756670
756852
758262
759880
766183
766838
772331
772798
775196
776499
820943
829829
833161
834949
836144
836395
839199
839220
841069
841168
841916
843960
845436
845802
846334
847977
850569
851013
851558
853389
854903
855969
857679
860648
864081
874611
1000862
1002339
1143273
1290947
1295169
1297997
1304127
1307089
1691689
375405
379196
400986
407317
412063
412964
417339
418198
422196
432974
444919
448652
449611
449841
450354
451686
452421
457361
457556
460542
460575
460970
462465
464753
466656
468176
468525
468905
469103
469139
469970
470271
471059
471538
472470
473170
473964
474092
474583
474816
475544
476004
476583
476693
478688
479219
479844
481668
482635
483603
483773
486317
486614
486719
487126
488490
488734
488868
489064
489448
489476
490120
490240
490407
490571
490863
490892
490971
491397
491549
492321
492463
492572
492972
493204
493790
494254
494382
494504
494557
494685
495109
495276
495828
495984
496134
496187
496288
496670
496753
497584
497749
497916
498128
498259
498544
499570
499670
500740
500829
500856
500970
501780
501902
501972
502203
502388
502477
502518
502576
502588
502660
503045
503504
503828
504744
504939
505427
505680
505873
506267
507063
507156
507301
507312
507703
507856
508626
508790
509033
509060
509503
509550
509988
510192
510257
510735
511041
511126
512081
512131
512197
512229
512767
513496
513890
514182
514849
514966
515108
515492
516088
516573
516703
517115
517140
517201
517518
517909
518026
518110
518430
519069
519389
519649
519755
520261
520577
521224
521348
521408
521741
521860
521921
522427
523226
523693
525019
526162
526248
526648
527121
527419
527482
527656
527741
528270
528827
528945
529399
529513
529539
529542
529673
529855
530054
530246
530506
530529
530665
530772
530786
531051
531175
531387
531552
532354
532794
533403
533428
533701
534254
534577
534599
534720
534758
534817
534921
535042
535196
535529
535544
535754
535982
536041
536341
536417
536791
536875
537196
537273
537293
537640
537845
537988
538056
538429
538599
538730
538830
538902
539308
539351
539418
539501
539634
539737
540559
540577
540676
541014
541036
541090
541119
541162
541166
541185
541448
541575
541581
542094
542126
542172
542362
543027
543055
543149
543188
543333
543437
543590
544256
544846
545338
545462
545554
545618
545733
546339
546446
546585
546606
546624
546729
546910
547171
547298
547398
547533
547557
547605
547786
547817
548027
548177
548202
548349
548516
548927
549005
549332
549502
549687
549703
549736
550147
550354
550461
550503
550561
550975
551011
551597
551930
552166
552255
552454
552482
552795
552806
552887
553644
553741
553912
554021
554167
554242
554569
555383
555568
555709
555896
556630
556974
557374
557624
557809
557815
557947
558103
558426
558686
558691
559010
559252
559389
559680
559695
559821
559957
560171
560370
560542
561213
561527
561641
562075
562091
562193
562220
562486
562829
563935
565049
565053
565715
565994
566258
566487
566498
567379
567922
568139
568156
568288
568691
568729
569784
569929
569971
570048
570227
570390
570475
570495
570929
571047
571201
571777
571805
571961
572170
572211
572709
572761
572794
572870
573272
573556
573866
573888
574338
574737
574851
575304
575354
575778
575916
575937
576477
576726
577149
577293
577368
577484
577829
577896
577902
578012
579478
579521
579720
580054
580214
580678
580768
580787
580972
581267
581324
582184
582406
582411
583144
585184
585294
585511
585710
585809
585970
586064
586161
586466
587096
587306
588004
588471
589035
589141
589274
589339
589498
590016
590345
590621
590872
592174
592194
592774
593472
593572
593835
594446
594803
595223
595429
595725
596496
596901
597768
598319
598335
598725
600152
600593
601341
602002
602732
604753
605629
606240
607904
608652
608750
608780
609620
609828
610471
611296
611668
612013
612485
612786
612849
614312
616718
616908
617517
617558
618138
618312
618357
618414
619484
619546
620568
622092
622604
623915
624168
625113
625428
625801
627074
627105
627426
627444
627598
628156
628274
628806
630430
630563
630766
630810
632080
632668
633242
633304
633835
634155
635108
635601
637713
638923
639064
641145
642786
643869
644659
646408
648316
648327
648675
649570
649941
650214
651154
651325
652724
657175
657281
658757
659224
661140
661466
662963
666310
667768
670633
680139
680183
681106
684986
685637
688054
690549
690871
690887
693129
693274
694288
696039
697355
698500
700206
701470
702028
702700
706598
706733
707241
707589
707720
711474
712023
712788
715029
716209
716926
718616
719738
720646
720842
722010
722724
722808
725813
726101
726526
728073
729056
729295
729315
730274
730583
731199
731945
731982
734416
737077
738376
740413
743486
746037
747546
748967
749519
750908
756670
756852
758262
759880
766183
766838
772331
772798
775196
776499
820943
829829
833161
834949
836144
836395
839199
839220
841069
841168
841916
843960
845436
845802
846334
847977
850569
851013
851558
853389
854903
855969
857679
860648
864081
874611
1000862
1002339
1143273
1290947
1295169
1297997
1304127
1307089
1691689
375405
379196
400986
407317
412063
412964
417339
418198
422196
432974
444919
448652
449611
449841
450354
451686
452421
457361
457556
460542
460575
460970
462465
464753
466656
468176
468525
468905
469103
469139
469970
470271
471059
471538
472470
473170
473964
474092
474583
474816
475544
476004
476583
476693
478688
479219
479844
481668
482635
483603
483773
486317
486614
486719
487126
488490
488734
488868
489064
489448
489476
490120
490240
490407
490571
490863
490892
490971
491397
491549
492321
492463
492572
492972
493204
493790
494254
494382
494504
494557
494685
495109
495276
495828
495984
496134
496187
496288
496670
496753
497584
497749
497916
498128
498259
498544
499570
499670
500740
500829
500856
500970
501780
501902
501972
502203
502388
502477
502518
502576
502588
502660
503045
503504
503828
504744
504939
505427
505680
505873
506267
507063
507156
507301
507312
507703
507856
508626
508790
509033
509060
509503
509550
509988
510192
510257
510735
511041
511126
512081
512131
512197
512229
512767
513496
513890
514182
514849
514966
515108
515492
516088
516573
516703
517115
517140
517201
517518
517909
518026
518110
518430
519069
519389
519649
519755
520261
520577
521224
521348
521408
521741
521860
521921
522427
523226
523693
525019
526162
526248
526648
527121
527419
527482
527656
527741
528270
528827
528945
529399
529513
529539
529542
529673
529855
530054
530246
530506
530529
530665
530772
530786
531051
531175
531387
531552
532354
532794
533403
533428
533701
534254
534577
534599
534720
534758
534817
534921
535042
535196
535529
535544
535754
535982
536041
536341
536417
536791
536875
537196
537273
537293
537640
537845
537988
538056
538429
538599
538730
538830
538902
539308
539351
539418
539501
539634
539737
540559
540577
540676
541014
541036
541090
541119
541162
541166
541185
541448
541575
541581
542094
542126
542172
542362
543027
543055
543149
543188
543333
543437
543590
544256
544846
545338
545462
545554
545618
545733
546339
546446
546585
546606
546624
546729
546910
547171
547298
547398
547533
547557
547605
547786
547817
548027
548177
548202
548349
548516
548927
549005
549332
549502
549687
549703
549736
550147
550354
550461
550503
550561
550975
551011
551597
551930
552166
552255
552454
552482
552795
552806
552887
553644
553741
553912
554021
554167
554242
554569
555383
555568
555709
555896
556630
556974
557374
557624
557809
557815
557947
558103
558426
558686
558691
559010
559252
559389
559680
559695
559821
559957
560171
560370
560542
561213
561527
561641
562075
562091
562193
562220
562486
562829
563935
565049
565053
565715
565994
566258
566487
566498
567379
567922
568139
568156
568288
568691
568729
569784
569929
569971
570048
570227
570390
570475
570495
570929
571047
571201
571777
571805
571961
572170
572211
572709
572761
572794
572870
573272
573556
573866
573888
574338
574737
574851
575304
575354
575778
575916
575937
576477
576726
577149
577293
577368
577484
577829
577896
577902
578012
579478
579521
579720
580054
580214
580678
580768
580787
580972
581267
581324
582184
582406
582411
583144
585184
585294
585511
585710
585809
585970
586064
586161
586466
587096
587306
588004
588471
589035
589141
589274
589339
589498
590016
590345
590621
590872
592174
592194
592774
593472
593572
593835
594446
594803
595223
595429
595725
596496
596901
597768
598319
598335
598725
600152
600593
601341
602002
602732
604753
605629
606240
607904
608652
608750
608780
609620
609828
610471
611296
611668
612013
612485
612786
612849
614312
616718
616908
617517
617558
618138
618312
618357
618414
619484
619546
620568
622092
622604
623915
624168
625113
625428
625801
627074
627105
627426
627444
627598
628156
628274
628806
630430
630563
630766
630810
632080
632668
633242
633304
633835
634155
635108
635601
637713
638923
639064
641145
642786
643869
644659
646408
648316
648327
648675
649570
649941
650214
651154
651325
652724
657175
657281
658757
659224
661140
661466
662963
666310
667768
670633
680139
680183
681106
684986
685637
688054
690549
690871
690887
693129
693274
694288
696039
697355
698500
700206
701470
702028
702700
706598
706733
707241
707589
707720
711474
712023
712788
715029
716209
716926
718616
719738
720646
720842
722010
722724
722808
725813
726101
726526
728073
729056
729295
729315
730274
730583
731199
731945
731982
734416
737077
738376
740413
743486
746037
747546
748967
749519
750908
756670
756852
758262
759880
766183
766838
772331
772798
775196
776499
820943
829829
833161
834949
836144
836395
839199
839220
841069
841168
841916
843960
845436
845802
846334
847977
850569
851013
851558
853389
854903
855969
857679
860648
864081
874611
1000862
1002339
1143273
1290947
1295169
1297997
1304127
1307089
1691689
375405
379196
400986
407317
412063
412964
417339
418198
422196
432974
444919
448652
449611
449841
450354
451686
452421
457361
457556
460542
460575
460970
462465
464753
466656
468176
468525
468905
469103
469139
469970
470271
471059
471538
472470
473170
473964
474092
474583
474816
475544
476004
476583
476693
478688
479219
479844
481668
482635
483603
483773
486317
486614
486719
487126
488490
488734
488868
489064
489448
489476
490120
490240
490407
490571
490863
490892
490971
491397
491549
492321
492463
492572
492972
493204
493790
494254
494382
494504
494557
494685
495109
495276
495828
495984
496134
496187
496288
496670
496753
497584
497749
497916
498128
498259
498544
499570
499670
500740
500829
500856
500970
501780
501902
501972
502203
502388
502477
502518
502576
502588
502660
503045
503504
503828
504744
504939
505427
505680
505873
506267
507063
507156
507301
507312
507703
507856
508626
508790
509033
509060
509503
509550
509988
510192
510257
510735
511041
511126
512081
512131
512197
512229
512767
513496
513890
514182
514849
514966
515108
515492
516088
516573
516703
517115
517140
517201
517518
517909
518026
518110
518430
519069
519389
519649
519755
520261
520577
521224
521348
521408
521741
521860
521921
522427
523226
523693
525019
526162
526248
526648
527121
527419
527482
527656
527741
528270
528827
528945
529399
529513
529539
529542
529673
529855
530054
530246
530506
530529
530665
530772
530786
531051
531175
531387
531552
532354
532794
533403
533428
533701
534254
534577
534599
534720
534758
534817
534921
535042
535196
535529
535544
535754
535982
536041
536341
536417
536791
536875
537196
537273
537293
537640
537845
537988
538056
538429
538599
538730
538830
538902
539308
539351
539418
539501
539634
539737
540559
540577
540676
541014
541036
541090
541119
541162
541166
541185
541448
541575
541581
542094
542126
542172
542362
543027
543055
543149
543188
543333
543437
543590
544256
544846
545338
545462
545554
545618
545733
546339
546446
546585
546606
546624
546729
546910
547171
547298
547398
547533
547557
547605
547786
547817
548027
548177
548202
548349
548516
548927
549005
549332
549502
549687
549703
549736
550147
550354
550461
550503
550561
550975
551011
551597
551930
552166
552255
552454
552482
552795
552806
552887
553644
553741
553912
554021
554167
554242
554569
555383
555568
555709
555896
556630
556974
557374
557624
557809
557815
557947
558103
558426
558686
558691
559010
559252
559389
559680
559695
559821
559957
560171
560370
560542
561213
561527
561641
562075
562091
562193
562220
562486
562829
563935
565049
565053
565715
565994
566258
566487
566498
567379
567922
568139
568156
568288
568691
568729
569784
569929
569971
570048
570227
570390
570475
570495
570929
571047
571201
571777
571805
571961
572170
572211
572709
572761
572794
572870
573272
573556
573866
573888
574338
574737
574851
575304
575354
575778
575916
575937
576477
576726
577149
577293
577368
577484
577829
577896
577902
578012
579478
579521
579720
580054
580214
580678
580768
580787
580972
581267
581324
582184
582406
582411
583144
585184
585294
585511
585710
585809
585970
586064
586161
586466
587096
587306
588004
588471
589035
589141
589274
589339
589498
590016
590345
590621
590872
592174
592194
592774
593472
593572
593835
594446
594803
595223
595429
595725
596496
596901
597768
598319
598335
598725
600152
600593
601341
602002
602732
604753
605629
606240
607904
608652
608750
608780
609620
609828
610471
611296
611668
612013
612485
612786
612849
614312
616718
616908
617517
617558
618138
618312
618357
618414
619484
619546
620568
622092
622604
623915
624168
625113
625428
625801
627074
627105
627426
627444
627598
628156
628274
628806
630430
630563
630766
630810
632080
632668
633242
633304
633835
634155
635108
635601
637713
638923
639064
641145
642786
643869
644659
646408
648316
648327
648675
649570
649941
650214
651154
651325
652724
657175
657281
658757
659224
661140
661466
662963
666310
667768
670633
680139
680183
681106
684986
685637
688054
690549
690871
690887
693129
693274
694288
696039
697355
698500
700206
701470
702028
702700
706598
706733
707241
707589
707720
711474
712023
712788
715029
716209
716926
718616
719738
720646
720842
722010
722724
722808
725813
726101
726526
728073
729056
729295
729315
730274
730583
731199
731945
731982
734416
737077
738376
740413
743486
746037
747546
748967
749519
750908
756670
756852
758262
759880
766183
766838
772331
772798
775196
776499
820943
829829
833161
834949
836144
836395
839199
839220
841069
841168
841916
843960
845436
845802
846334
847977
850569
851013
851558
853389
854903
855969
857679
860648
864081
874611
1000862
1002339
1143273
1290947
1295169
1297997
1304127
1307089
1691689
375405
379196
400986
407317
412063
412964
417339
418198
422196
432974
444919
448652
449611
449841
450354
451686
452421
457361
457556
460542
460575
460970
462465
464753
466656
468176
468525
468905
469103
469139
469970
470271
471059
471538
472470
473170
473964
474092
474583
474816
475544
476004
476583
476693
478688
479219
479844
481668
482635
483603
483773
486317
486614
486719
487126
488490
488734
488868
489064
489448
489476
490120
490240
490407
490571
490863
490892
490971
491397
491549
492321
492463
492572
492972
493204
493790
494254
494382
494504
494557
494685
495109
495276
495828
495984
496134
496187
496288
496670
496753
497584
497749
497916
498128
498259
498544
499570
499670
500740
500829
500856
500970
501780
501902
501972
502203
502388
502477
502518
502576
502588
502660
503045
503504
503828
504744
504939
505427
505680
505873
506267
507063
507156
507301
507312
507703
507856
508626
508790
509033
509060
509503
509550
509988
510192
510257
510735
511041
511126
512081
512131
512197
512229
512767
513496
513890
514182
514849
514966
515108
515492
516088
516573
516703
517115
517140
517201
517518
517909
518026
518110
518430
519069
519389
519649
519755
520261
520577
521224
521348
521408
521741
521860
521921
522427
523226
523693
525019
526162
526248
526648
527121
527419
527482
527656
527741
528270
528827
528945
529399
529513
529539
529542
529673
529855
530054
530246
530506
530529
530665
530772
530786
531051
531175
531387
531552
532354
532794
533403
533428
533701
534254
534577
534599
534720
534758
534817
534921
535042
535196
535529
535544
535754
535982
536041
536341
536417
536791
536875
537196
537273
537293
537640
537845
537988
538056
538429
538599
538730
538830
538902
539308
539351
539418
539501
539634
539737
540559
540577
540676
541014
541036
541090
541119
541162
541166
541185
541448
541575
541581
542094
542126
542172
542362
543027
543055
543149
543188
543333
543437
543590
544256
544846
545338
545462
545554
545618
545733
546339
546446
546585
546606
546624
546729
546910
547171
547298
547398
547533
547557
547605
547786
547817
548027
548177
548202
548349
548516
548927
549005
549332
549502
549687
549703
549736
550147
550354
550461
550503
550561
550975
551011
551597
551930
552166
552255
552454
552482
552795
552806
552887
553644
553741
553912
554021
554167
554242
554569
555383
555568
555709
555896
556630
556974
557374
557624
557809
557815
557947
558103
558426
558686
558691
559010
559252
559389
559680
559695
559821
559957
560171
560370
560542
561213
561527
561641
562075
562091
562193
562220
562486
562829
563935
565049
565053
565715
565994
566258
566487
566498
567379
567922
568139
568156
568288
568691
568729
569784
569929
569971
570048
570227
570390
570475
570495
570929
571047
571201
571777
571805
571961
572170
572211
572709
572761
572794
572870
573272
573556
573866
573888
574338
574737
574851
575304
575354
575778
575916
575937
576477
576726
577149
577293
577368
577484
577829
577896
577902
578012
579478
579521
579720
580054
580214
580678
580768
580787
580972
581267
581324
582184
582406
582411
583144
585184
585294
585511
585710
585809
585970
586064
586161
586466
587096
587306
588004
588471
589035
589141
589274
589339
589498
590016
590345
590621
590872
592174
592194
592774
593472
593572
593835
594446
594803
595223
595429
595725
596496
596901
597768
598319
598335
598725
600152
600593
601341
602002
602732
604753
605629
606240
607904
608652
608750
608780
609620
609828
610471
611296
611668
612013
612485
612786
612849
614312
616718
616908
617517
617558
618138
618312
618357
618414
619484
619546
620568
622092
622604
623915
624168
625113
625428
625801
627074
627105
627426
627444
627598
628156
628274
628806
630430
630563
630766
630810
632080
632668
633242
633304
633835
634155
635108
635601
637713
638923
639064
641145
642786
643869
644659
646408
648316
648327
648675
649570
649941
650214
651154
651325
652724
657175
657281
658757
659224
661140
661466
662963
666310
667768
670633
680139
680183
681106
684986
685637
688054
690549
690871
690887
693129
693274
694288
696039
697355
698500
700206
701470
702028
702700
706598
706733
707241
707589
707720
711474
712023
712788
715029
716209
716926
718616
719738
720646
720842
722010
722724
722808
725813
726101
726526
728073
729056
729295
729315
730274
730583
731199
731945
731982
734416
737077
738376
740413
743486
746037
747546
748967
749519
750908
756670
756852
758262
759880
766183
766838
772331
772798
775196
776499
820943
829829
833161
834949
836144
836395
839199
839220
841069
841168
841916
843960
845436
845802
846334
847977
850569
851013
851558
853389
854903
855969
857679
860648
864081
874611
1000862
1002339
1143273
1290947
1295169
1297997
1304127
1307089
1691689
