50948
51149
51571
56820
57948
58038
59381
61005
62401
63965
64539
65293
67042
69745
70962
71809
71832
76928
78027
79618
80808
81046
81278
81712
81848
82275
82775
83363
83938
84095
85655
86045
86693
86799
87820
88740
88948
89293
90503
90906
91785
92257
92312
93141
93711
93789
93928
94737
96983
96993
97342
97915
98040
98297
98380
98638
99282
101223
101837
102509
102865
103000
103277
103408
103714
104001
104323
104484
104522
104855
105602
105604
106003
106186
106380
106743
108568
108585
111231
111380
112000
112277
112689
112909
113023
113174
113297
113511
115241
115764
115780
115783
115875
116006
116209
116637
116674
117064
117110
117971
118175
118245
118944
120457
120944
121115
121237
121401
122423
124448
124756
125261
125354
125372
125650
125689
125777
125884
126066
126622
127223
127557
127618
127912
128174
129158
129696
129802
129815
129942
130225
130274
130475
130711
131216
131317
131514
132402
132435
132826
132914
133017
133699
133773
133775
134281
135327
135475
135715
136223
137089
137977
138031
138295
138512
139191
139252
140048
140326
142957
143249
143416
143601
144135
145975
146112
146357
146632
146886
147292
147934
148211
148663
149002
149013
149583
151575
151577
152735
153341
154945
155658
156614
156893
157404
158869
158937
159498
159693
159929
161625
162244
162956
163196
164531
164969
165130
165183
165214
165384
166205
166688
167810
169779
169832
171317
171792
172913
173143
173324
173949
174171
175284
176049
177449
177963
178069
179911
180088
180096
180555
181353
181420
181824
183295
183925
184238
185197
186574
186642
187206
187312
187598
188561
189161
190623
191732
192315
193671
193994
194426
195482
196837
197106
197163
197318
198362
198779
199327
199862
203369
204710
206248
206635
210780
212621
215171
215255
215725
216957
217868
218330
218889
219106
219430
219597
219887
221010
221103
221292
223743
224003
226489
226842
227337
227972
228615
228919
233983
234218
234764
235048
235647
235677
235946
236091
237063
237434
240360
242593
243001
247224
248470
248827
253631
254107
254551
259092
259541
261815
262537
263094
264473
265040
267226
269693
271406
271996
273119
274996
275211
276839
276979
277178
277833
278704
279370
279651
279704
280764
280793
281106
281141
281459
282184
282482
282884
284702
284769
285921
287894
288443
288967
289191
289524
292554
292730
293604
294944
295702
296384
296993
297043
297688
299174
301757
302832
303174
304332
305245
305553
306440
307669
309459
309837
309979
310140
310810
311317
311502
313153
314957
318660
319841
320879
322432
323469
324492
325212
327528
327675
327979
328238
328270
328514
328626
328634
329564
330140
331588
332272
332708
333143
335500
336978
338255
339014
340421
341235
341794
342744
343391
343823
344775
345121
346182
346313
348192
349673
350121
350207
350370
351440
351807
351899
352280
354628
354648
356016
356704
357022
357359
358597
359275
359646
359940
360419
360684
361199
361536
363440
363596
364683
364784
364873
364929
364951
365933
366611
367920
368102
368744
370298
371182
371959
372445
374200
380217
381503
382296
383203
386919
387327
388556
390684
390784
391161
392341
394189
397713
399423
399867
400490
400850
400912
400920
400969
403378
403908
404071
404885
405024
405958
406298
406979
411516
411641
413127
413800
413996
418045
418450
419365
419811
419868
420822
420881
421303
421332
423843
424955
425007
425290
427792
428584
428646
428851
430021
430041
430303
431155
431979
435772
436172
439172
441139
441886
443158
444280
444759
444786
445015
445018
445029
445329
445425
446945
449044
450112
450188
451335
452916
453928
454362
456677
456707
457835
458092
458798
459172
461122
461743
461770
463819
464787
466310
466690
467961
470754
477426
478431
482036
483201
484663
485162
485694
486009
486376
486490
486743
487933
487995
488674
488909
489389
489450
489465
489672
489862
492635
492749
494315
494671
494819
496713
497662
498136
498820
499188
499226
499882
500401
501779
501961
503046
503759
503923
505109
505115
506685
509150
510241
510816
512204
512347
513305
514448
515387
518079
520556
524649
526357
527368
528237
528886
532026
532585
536869
537229
538891
538933
539429
546924
548199
549547
552194
553196
553484
554052
554651
567224
568982
570636
570788
570972
570986
571444
571892
574631
575010
575418
577334
578775
579017
580614
580840
581037
581882
583591
584779
585405
585707
585880
586395
586891
587068
588356
588744
589076
589431
590778
591547
592187
594059
594100
596260
598425
599950
600187
602376
602571
603276
603792
603886
605388
605683
606432
606643
606675
607700
608924
609488
610028
610127
610476
610630
610845
611255
611314
611479
611626
611662
612207
612638
612972
613348
613501
613895
614181
615187
615214
615452
615861
616031
616148
616285
616561
616567
617152
617367
619216
619495
619525
619865
620166
620178
620650
620697
621509
621711
621821
621942
622122
622275
622357
622709
623228
623448
623934
624174
624280
624913
625926
625972
625977
626029
626805
626911
627304
627593
627887
627990
628260
628518
628663
629200
629453
629937
630083
630767
630955
631580
631592
632214
632650
633419
633508
633814
633897
634633
634778
634945
634949
634971
635122
635303
635369
635429
635625
635830
635895
636538
636558
636808
636907
637155
637783
637803
637915
638054
638225
638841
638863
638938
639038
639732
640089
640777
641134
641506
642060
642066
642212
642308
642314
642570
642621
642817
642830
643101
643130
643916
644115
644625
645361
646131
646843
647068
647648
648340
648803
649220
649335
649428
649609
649622
650774
650836
650873
651112
651381
651561
651585
651809
652249
652588
652752
652895
652936
653163
653387
653606
654408
654491
654667
654675
654938
655060
655462
655990
656462
656544
656723
656861
656929
658363
658382
658901
659447
659691
659914
659988
660555
660678
660809
660973
661055
661196
661503
661573
661698
661855
662638
663489
663767
664172
664442
664831
664869
666098
666277
666685
666727
667234
667679
667775
668228
668640
668664
668817
668829
669130
669674
670192
670327
670361
670633
671641
672039
672554
672862
674014
674820
675188
675526
675535
676006
676307
676480
676710
678122
679397
679729
680512
680809
681848
683084
684503
684545
684821
686156
687039
687371
689203
690631
691436
691926
692165
692974
693605
693897
694108
694170
696997
697387
698019
698163
698728
698821
699510
701290
701529
704339
706107
708908
712446
712502
714725
715060
715823
716289
717088
717607
721219
721368
721378
723032
723505
724728
727971
728173
729623
730978
731108
732971
735129
739379
740883
740911
741693
744217
744439
744697
745165
745863
747550
748102
749480
751970
758270
762031
762926
765107
767058
798388
856443
50948
51149
51571
56820
57948
58038
59381
61005
62401
63965
64539
65293
67042
69745
70962
71809
71832
76928
78027
79618
80808
81046
81278
81712
81848
82275
82775
83363
83938
84095
85655
86045
86693
86799
87820
88740
88948
89293
90503
90906
91785
92257
92312
93141
93711
93789
93928
94737
96983
96993
97342
97915
98040
98297
98380
98638
99282
101223
101837
102509
102865
103000
103277
103408
103714
104001
104323
104484
104522
104855
105602
105604
106003
106186
106380
106743
108568
108585
111231
111380
112000
112277
112689
112909
113023
113174
113297
113511
115241
115764
115780
115783
115875
116006
116209
116637
116674
117064
117110
117971
118175
118245
118944
120457
120944
121115
121237
121401
122423
124448
124756
125261
125354
125372
125650
125689
125777
125884
126066
126622
127223
127557
127618
127912
128174
129158
129696
129802
129815
129942
130225
130274
130475
130711
131216
131317
131514
132402
132435
132826
132914
133017
133699
133773
133775
134281
135327
135475
135715
136223
137089
137977
138031
138295
138512
139191
139252
140048
140326
142957
143249
143416
143601
144135
145975
146112
146357
146632
146886
147292
147934
148211
148663
149002
149013
149583
151575
151577
152735
153341
154945
155658
156614
156893
157404
158869
158937
159498
159693
159929
161625
162244
162956
163196
164531
164969
165130
165183
165214
165384
166205
166688
167810
169779
169832
171317
171792
172913
173143
173324
173949
174171
175284
176049
177449
177963
178069
179911
180088
180096
180555
181353
181420
181824
183295
183925
184238
185197
186574
186642
187206
187312
187598
188561
189161
190623
191732
192315
193671
193994
194426
195482
196837
197106
197163
197318
198362
198779
199327
199862
203369
204710
206248
206635
210780
212621
215171
215255
215725
216957
217868
218330
218889
219106
219430
219597
219887
221010
221103
221292
223743
224003
226489
226842
227337
227972
228615
228919
233983
234218
234764
235048
235647
235677
235946
236091
237063
237434
240360
242593
243001
247224
248470
248827
253631
254107
254551
259092
259541
261815
262537
263094
264473
265040
267226
269693
271406
271996
273119
274996
275211
276839
276979
277178
277833
278704
279370
279651
279704
280764
280793
281106
281141
281459
282184
282482
282884
284702
284769
285921
287894
288443
288967
289191
289524
292554
292730
293604
294944
295702
296384
296993
297043
297688
299174
301757
302832
303174
304332
305245
305553
306440
307669
309459
309837
309979
310140
310810
311317
311502
313153
314957
318660
319841
320879
322432
323469
324492
325212
327528
327675
327979
328238
328270
328514
328626
328634
329564
330140
331588
332272
332708
333143
335500
336978
338255
339014
340421
341235
341794
342744
343391
343823
344775
345121
346182
346313
348192
349673
350121
350207
350370
351440
351807
351899
352280
354628
354648
356016
356704
357022
357359
358597
359275
359646
359940
360419
360684
361199
361536
363440
363596
364683
364784
364873
364929
364951
365933
366611
367920
368102
368744
370298
371182
371959
372445
374200
380217
381503
382296
383203
386919
387327
388556
390684
390784
391161
392341
394189
397713
399423
399867
400490
400850
400912
400920
400969
403378
403908
404071
404885
405024
405958
406298
406979
411516
411641
413127
413800
413996
418045
418450
419365
419811
419868
420822
420881
421303
421332
423843
424955
425007
425290
427792
428584
428646
428851
430021
430041
430303
431155
431979
435772
436172
439172
441139
441886
443158
444280
444759
444786
445015
445018
445029
445329
445425
446945
449044
450112
450188
451335
452916
453928
454362
456677
456707
457835
458092
458798
459172
461122
461743
461770
463819
464787
466310
466690
467961
470754
477426
478431
482036
483201
484663
485162
485694
486009
486376
486490
486743
487933
487995
488674
488909
489389
489450
489465
489672
489862
492635
492749
494315
494671
494819
496713
497662
498136
498820
499188
499226
499882
500401
501779
501961
503046
503759
503923
505109
505115
506685
509150
510241
510816
512204
512347
513305
514448
515387
518079
520556
524649
526357
527368
528237
528886
532026
532585
536869
537229
538891
538933
539429
546924
548199
549547
552194
553196
553484
554052
554651
567224
568982
570636
570788
570972
570986
571444
571892
574631
575010
575418
577334
578775
579017
580614
580840
581037
581882
583591
584779
585405
585707
585880
586395
586891
587068
588356
588744
589076
589431
590778
591547
592187
594059
594100
596260
598425
599950
600187
602376
602571
603276
603792
603886
605388
605683
606432
606643
606675
607700
608924
609488
610028
610127
610476
610630
610845
611255
611314
611479
611626
611662
612207
612638
612972
613348
613501
613895
614181
615187
615214
615452
615861
616031
616148
616285
616561
616567
617152
617367
619216
619495
619525
619865
620166
620178
620650
620697
621509
621711
621821
621942
622122
622275
622357
622709
623228
623448
623934
624174
624280
624913
625926
625972
625977
626029
626805
626911
627304
627593
627887
627990
628260
628518
628663
629200
629453
629937
630083
630767
630955
631580
631592
632214
632650
633419
633508
633814
633897
634633
634778
634945
634949
634971
635122
635303
635369
635429
635625
635830
635895
636538
636558
636808
636907
637155
637783
637803
637915
638054
638225
638841
638863
638938
639038
639732
640089
640777
641134
641506
642060
642066
642212
642308
642314
642570
642621
642817
642830
643101
643130
643916
644115
644625
645361
646131
646843
647068
647648
648340
648803
649220
649335
649428
649609
649622
650774
650836
650873
651112
651381
651561
651585
651809
652249
652588
652752
652895
652936
653163
653387
653606
654408
654491
654667
654675
654938
655060
655462
655990
656462
656544
656723
656861
656929
658363
658382
658901
659447
659691
659914
659988
660555
660678
660809
660973
661055
661196
661503
661573
661698
661855
662638
663489
663767
664172
664442
664831
664869
666098
666277
666685
666727
667234
667679
667775
668228
668640
668664
668817
668829
669130
669674
670192
670327
670361
670633
671641
672039
672554
672862
674014
674820
675188
675526
675535
676006
676307
676480
676710
678122
679397
679729
680512
680809
681848
683084
684503
684545
684821
686156
687039
687371
689203
690631
691436
691926
692165
692974
693605
693897
694108
694170
696997
697387
698019
698163
698728
698821
699510
701290
701529
704339
706107
708908
712446
712502
714725
715060
715823
716289
717088
717607
721219
721368
721378
723032
723505
724728
727971
728173
729623
730978
731108
732971
735129
739379
740883
740911
741693
744217
744439
744697
745165
745863
747550
748102
749480
751970
758270
762031
762926
765107
767058
798388
856443
50948
51149
51571
56820
57948
58038
59381
61005
62401
63965
64539
65293
67042
69745
70962
71809
71832
76928
78027
79618
80808
81046
81278
81712
81848
82275
82775
83363
83938
84095
85655
86045
86693
86799
87820
88740
88948
89293
90503
90906
91785
92257
92312
93141
93711
93789
93928
94737
96983
96993
97342
97915
98040
98297
98380
98638
99282
101223
101837
102509
102865
103000
103277
103408
103714
104001
104323
104484
104522
104855
105602
105604
106003
106186
106380
106743
108568
108585
111231
111380
112000
112277
112689
112909
113023
113174
113297
113511
115241
115764
115780
115783
115875
116006
116209
116637
116674
117064
117110
117971
118175
118245
118944
120457
120944
121115
121237
121401
122423
124448
124756
125261
125354
125372
125650
125689
125777
125884
126066
126622
127223
127557
127618
127912
128174
129158
129696
129802
129815
129942
130225
130274
130475
130711
131216
131317
131514
132402
132435
132826
132914
133017
133699
133773
133775
134281
135327
135475
135715
136223
137089
137977
138031
138295
138512
139191
139252
140048
140326
142957
143249
143416
143601
144135
145975
146112
146357
146632
146886
147292
147934
148211
148663
149002
149013
149583
151575
151577
152735
153341
154945
155658
156614
156893
157404
158869
158937
159498
159693
159929
161625
162244
162956
163196
164531
164969
165130
165183
165214
165384
166205
166688
167810
169779
169832
171317
171792
172913
173143
173324
173949
174171
175284
176049
177449
177963
178069
179911
180088
180096
180555
181353
181420
181824
183295
183925
184238
185197
186574
186642
187206
187312
187598
188561
189161
190623
191732
192315
193671
193994
194426
195482
196837
197106
197163
197318
198362
198779
199327
199862
203369
204710
206248
206635
210780
212621
215171
215255
215725
216957
217868
218330
218889
219106
219430
219597
219887
221010
221103
221292
223743
224003
226489
226842
227337
227972
228615
228919
233983
234218
234764
235048
235647
235677
235946
236091
237063
237434
240360
242593
243001
247224
248470
248827
253631
254107
254551
259092
259541
261815
262537
263094
264473
265040
267226
269693
271406
271996
273119
274996
275211
276839
276979
277178
277833
278704
279370
279651
279704
280764
280793
281106
281141
281459
282184
282482
282884
284702
284769
285921
287894
288443
288967
289191
289524
292554
292730
293604
294944
295702
296384
296993
297043
297688
299174
301757
302832
303174
304332
305245
305553
306440
307669
309459
309837
309979
310140
310810
311317
311502
313153
314957
318660
319841
320879
322432
323469
324492
325212
327528
327675
327979
328238
328270
328514
328626
328634
329564
330140
331588
332272
332708
333143
335500
336978
338255
339014
340421
341235
341794
342744
343391
343823
344775
345121
346182
346313
348192
349673
350121
350207
350370
351440
351807
351899
352280
354628
354648
356016
356704
357022
357359
358597
359275
359646
359940
360419
360684
361199
361536
363440
363596
364683
364784
364873
364929
364951
365933
366611
367920
368102
368744
370298
371182
371959
372445
374200
380217
381503
382296
383203
386919
387327
388556
390684
390784
391161
392341
394189
397713
399423
399867
400490
400850
400912
400920
400969
403378
403908
404071
404885
405024
405958
406298
406979
411516
411641
413127
413800
413996
418045
418450
419365
419811
419868
420822
420881
421303
421332
423843
424955
425007
425290
427792
428584
428646
428851
430021
430041
430303
431155
431979
435772
436172
439172
441139
441886
443158
444280
444759
444786
445015
445018
445029
445329
445425
446945
449044
450112
450188
451335
452916
453928
454362
456677
456707
457835
458092
458798
459172
461122
461743
461770
463819
464787
466310
466690
467961
470754
477426
478431
482036
483201
484663
485162
485694
486009
486376
486490
486743
487933
487995
488674
488909
489389
489450
489465
489672
489862
492635
492749
494315
494671
494819
496713
497662
498136
498820
499188
499226
499882
500401
501779
501961
503046
503759
503923
505109
505115
506685
509150
510241
510816
512204
512347
513305
514448
515387
518079
520556
524649
526357
527368
528237
528886
532026
532585
536869
537229
538891
538933
539429
546924
548199
549547
552194
553196
553484
554052
554651
567224
568982
570636
570788
570972
570986
571444
571892
574631
575010
575418
577334
578775
579017
580614
580840
581037
581882
583591
584779
585405
585707
585880
586395
586891
587068
588356
588744
589076
589431
590778
591547
592187
594059
594100
596260
598425
599950
600187
602376
602571
603276
603792
603886
605388
605683
606432
606643
606675
607700
608924
609488
610028
610127
610476
610630
610845
611255
611314
611479
611626
611662
612207
612638
612972
613348
613501
613895
614181
615187
615214
615452
615861
616031
616148
616285
616561
616567
617152
617367
619216
619495
619525
619865
620166
620178
620650
620697
621509
621711
621821
621942
622122
622275
622357
622709
623228
623448
623934
624174
624280
624913
625926
625972
625977
626029
626805
626911
627304
627593
627887
627990
628260
628518
628663
629200
629453
629937
630083
630767
630955
631580
631592
632214
632650
633419
633508
633814
633897
634633
634778
634945
634949
634971
635122
635303
635369
635429
635625
635830
635895
636538
636558
636808
636907
637155
637783
637803
637915
638054
638225
638841
638863
638938
639038
639732
640089
640777
641134
641506
642060
642066
642212
642308
642314
642570
642621
642817
642830
643101
643130
643916
644115
644625
645361
646131
646843
647068
647648
648340
648803
649220
649335
649428
649609
649622
650774
650836
650873
651112
651381
651561
651585
651809
652249
652588
652752
652895
652936
653163
653387
653606
654408
654491
654667
654675
654938
655060
655462
655990
656462
656544
656723
656861
656929
658363
658382
658901
659447
659691
659914
659988
660555
660678
660809
660973
661055
661196
661503
661573
661698
661855
662638
663489
663767
664172
664442
664831
664869
666098
666277
666685
666727
667234
667679
667775
668228
668640
668664
668817
668829
669130
669674
670192
670327
670361
670633
671641
672039
672554
672862
674014
674820
675188
675526
675535
676006
676307
676480
676710
678122
679397
679729
680512
680809
681848
683084
684503
684545
684821
686156
687039
687371
689203
690631
691436
691926
692165
692974
693605
693897
694108
694170
696997
697387
698019
698163
698728
698821
699510
701290
701529
704339
706107
708908
712446
712502
714725
715060
715823
716289
717088
717607
721219
721368
721378
723032
723505
724728
727971
728173
729623
730978
731108
732971
735129
739379
740883
740911
741693
744217
744439
744697
745165
745863
747550
748102
749480
751970
758270
762031
762926
765107
767058
798388
856443
50948
51149
51571
56820
57948
58038
59381
61005
62401
63965
64539
65293
67042
69745
70962
71809
71832
76928
78027
79618
80808
81046
81278
81712
81848
82275
82775
83363
83938
84095
85655
86045
86693
86799
87820
88740
88948
89293
90503
90906
91785
92257
92312
93141
93711
93789
93928
94737
96983
96993
97342
97915
98040
98297
98380
98638
99282
101223
101837
102509
102865
103000
103277
103408
103714
104001
104323
104484
104522
104855
105602
105604
106003
106186
106380
106743
108568
108585
111231
111380
112000
112277
112689
112909
113023
113174
113297
113511
115241
115764
115780
115783
115875
116006
116209
116637
116674
117064
117110
117971
118175
118245
118944
120457
120944
121115
121237
121401
122423
124448
124756
125261
125354
125372
125650
125689
125777
125884
126066
126622
127223
127557
127618
127912
128174
129158
129696
129802
129815
129942
130225
130274
130475
130711
131216
131317
131514
132402
132435
132826
132914
133017
133699
133773
133775
134281
135327
135475
135715
136223
137089
137977
138031
138295
138512
139191
139252
140048
140326
142957
143249
143416
143601
144135
145975
146112
146357
146632
146886
147292
147934
148211
148663
149002
149013
149583
151575
151577
152735
153341
154945
155658
156614
156893
157404
158869
158937
159498
159693
159929
161625
162244
162956
163196
164531
164969
165130
165183
165214
165384
166205
166688
167810
169779
169832
171317
171792
172913
173143
173324
173949
174171
175284
176049
177449
177963
178069
179911
180088
180096
180555
181353
181420
181824
183295
183925
184238
185197
186574
186642
187206
187312
187598
188561
189161
190623
191732
192315
193671
193994
194426
195482
196837
197106
197163
197318
198362
198779
199327
199862
203369
204710
206248
206635
210780
212621
215171
215255
215725
216957
217868
218330
218889
219106
219430
219597
219887
221010
221103
221292
223743
224003
226489
226842
227337
227972
228615
228919
233983
234218
234764
235048
235647
235677
235946
236091
237063
237434
240360
242593
243001
247224
248470
248827
253631
254107
254551
259092
259541
261815
262537
263094
264473
265040
267226
269693
271406
271996
273119
274996
275211
276839
276979
277178
277833
278704
279370
279651
279704
280764
280793
281106
281141
281459
282184
282482
282884
284702
284769
285921
287894
288443
288967
289191
289524
292554
292730
293604
294944
295702
296384
296993
297043
297688
299174
301757
302832
303174
304332
305245
305553
306440
307669
309459
309837
309979
310140
310810
311317
311502
313153
314957
318660
319841
320879
322432
323469
324492
325212
327528
327675
327979
328238
328270
328514
328626
328634
329564
330140
331588
332272
332708
333143
335500
336978
338255
339014
340421
341235
341794
342744
343391
343823
344775
345121
346182
346313
348192
349673
350121
350207
350370
351440
351807
351899
352280
354628
354648
356016
356704
357022
357359
358597
359275
359646
359940
360419
360684
361199
361536
363440
363596
364683
364784
364873
364929
364951
365933
366611
367920
368102
368744
370298
371182
371959
372445
374200
380217
381503
382296
383203
386919
387327
388556
390684
390784
391161
392341
394189
397713
399423
399867
400490
400850
400912
400920
400969
403378
403908
404071
404885
405024
405958
406298
406979
411516
411641
413127
413800
413996
418045
418450
419365
419811
419868
420822
420881
421303
421332
423843
424955
425007
425290
427792
428584
428646
428851
430021
430041
430303
431155
431979
435772
436172
439172
441139
441886
443158
444280
444759
444786
445015
445018
445029
445329
445425
446945
449044
450112
450188
451335
452916
453928
454362
456677
456707
457835
458092
458798
459172
461122
461743
461770
463819
464787
466310
466690
467961
470754
477426
478431
482036
483201
484663
485162
485694
486009
486376
486490
486743
487933
487995
488674
488909
489389
489450
489465
489672
489862
492635
492749
494315
494671
494819
496713
497662
498136
498820
499188
499226
499882
500401
501779
501961
503046
503759
503923
505109
505115
506685
509150
510241
510816
512204
512347
513305
514448
515387
518079
520556
524649
526357
527368
528237
528886
532026
532585
536869
537229
538891
538933
539429
546924
548199
549547
552194
553196
553484
554052
554651
567224
568982
570636
570788
570972
570986
571444
571892
574631
575010
575418
577334
578775
579017
580614
580840
581037
581882
583591
584779
585405
585707
585880
586395
586891
587068
588356
588744
589076
589431
590778
591547
592187
594059
594100
596260
598425
599950
600187
602376
602571
603276
603792
603886
605388
605683
606432
606643
606675
607700
608924
609488
610028
610127
610476
610630
610845
611255
611314
611479
611626
611662
612207
612638
612972
613348
613501
613895
614181
615187
615214
615452
615861
616031
616148
616285
616561
616567
617152
617367
619216
619495
619525
619865
620166
620178
620650
620697
621509
621711
621821
621942
622122
622275
622357
622709
623228
623448
623934
624174
624280
624913
625926
625972
625977
626029
626805
626911
627304
627593
627887
627990
628260
628518
628663
629200
629453
629937
630083
630767
630955
631580
631592
632214
632650
633419
633508
633814
633897
634633
634778
634945
634949
634971
635122
635303
635369
635429
635625
635830
635895
636538
636558
636808
636907
637155
637783
637803
637915
638054
638225
638841
638863
638938
639038
639732
640089
640777
641134
641506
642060
642066
642212
642308
642314
642570
642621
642817
642830
643101
643130
643916
644115
644625
645361
646131
646843
647068
647648
648340
648803
649220
649335
649428
649609
649622
650774
650836
650873
651112
651381
651561
651585
651809
652249
652588
652752
652895
652936
653163
653387
653606
654408
654491
654667
654675
654938
655060
655462
655990
656462
656544
656723
656861
656929
658363
658382
658901
659447
659691
659914
659988
660555
660678
660809
660973
661055
661196
661503
661573
661698
661855
662638
663489
663767
664172
664442
664831
664869
666098
666277
666685
666727
667234
667679
667775
668228
668640
668664
668817
668829
669130
669674
670192
670327
670361
670633
671641
672039
672554
672862
674014
674820
675188
675526
675535
676006
676307
676480
676710
678122
679397
679729
680512
680809
681848
683084
684503
684545
684821
686156
687039
687371
689203
690631
691436
691926
692165
692974
693605
693897
694108
694170
696997
697387
698019
698163
698728
698821
699510
701290
701529
704339
706107
708908
712446
712502
714725
715060
715823
716289
717088
717607
721219
721368
721378
723032
723505
724728
727971
728173
729623
730978
731108
732971
735129
739379
740883
740911
741693
744217
744439
744697
745165
745863
747550
748102
749480
751970
758270
762031
762926
765107
767058
798388
856443
50948
51149
51571
56820
57948
58038
59381
61005
62401
63965
64539
65293
67042
69745
70962
71809
71832
76928
78027
79618
80808
81046
81278
81712
81848
82275
82775
83363
83938
84095
85655
86045
86693
86799
87820
88740
88948
89293
90503
90906
91785
92257
92312
93141
93711
93789
93928
94737
96983
96993
97342
97915
98040
98297
98380
98638
99282
101223
101837
102509
102865
103000
103277
103408
103714
104001
104323
104484
104522
104855
105602
105604
106003
106186
106380
106743
108568
108585
111231
111380
112000
112277
112689
112909
113023
113174
113297
113511
115241
115764
115780
115783
115875
116006
116209
116637
116674
117064
117110
117971
118175
118245
118944
120457
120944
121115
121237
121401
122423
124448
124756
125261
125354
125372
125650
125689
125777
125884
126066
126622
127223
127557
127618
127912
128174
129158
129696
129802
129815
129942
130225
130274
130475
130711
131216
131317
131514
132402
132435
132826
132914
133017
133699
133773
133775
134281
135327
135475
135715
136223
137089
137977
138031
138295
138512
139191
139252
140048
140326
142957
143249
143416
143601
144135
145975
146112
146357
146632
146886
147292
147934
148211
148663
149002
149013
149583
151575
151577
152735
153341
154945
155658
156614
156893
157404
158869
158937
159498
159693
159929
161625
162244
162956
163196
164531
164969
165130
165183
165214
165384
166205
166688
167810
169779
169832
171317
171792
172913
173143
173324
173949
174171
175284
176049
177449
177963
178069
179911
180088
180096
180555
181353
181420
181824
183295
183925
184238
185197
186574
186642
187206
187312
187598
188561
189161
190623
191732
192315
193671
193994
194426
195482
196837
197106
197163
197318
198362
198779
199327
199862
203369
204710
206248
206635
210780
212621
215171
215255
215725
216957
217868
218330
218889
219106
219430
219597
219887
221010
221103
221292
223743
224003
226489
226842
227337
227972
228615
228919
233983
234218
234764
235048
235647
235677
235946
236091
237063
237434
240360
242593
243001
247224
248470
248827
253631
254107
254551
259092
259541
261815
262537
263094
264473
265040
267226
269693
271406
271996
273119
274996
275211
276839
276979
277178
277833
278704
279370
279651
279704
280764
280793
281106
281141
281459
282184
282482
282884
284702
284769
285921
287894
288443
288967
289191
289524
292554
292730
293604
294944
295702
296384
296993
297043
297688
299174
301757
302832
303174
304332
305245
305553
306440
307669
309459
309837
309979
310140
310810
311317
311502
313153
314957
318660
319841
320879
322432
323469
324492
325212
327528
327675
327979
328238
328270
328514
328626
328634
329564
330140
331588
332272
332708
333143
335500
336978
338255
339014
340421
341235
341794
342744
343391
343823
344775
345121
346182
346313
348192
349673
350121
350207
350370
351440
351807
351899
352280
354628
354648
356016
356704
357022
357359
358597
359275
359646
359940
360419
360684
361199
361536
363440
363596
364683
364784
364873
364929
364951
365933
366611
367920
368102
368744
370298
371182
371959
372445
374200
380217
381503
382296
383203
386919
387327
388556
390684
390784
391161
392341
394189
397713
399423
399867
400490
400850
400912
400920
400969
403378
403908
404071
404885
405024
405958
406298
406979
411516
411641
413127
413800
413996
418045
418450
419365
419811
419868
420822
420881
421303
421332
423843
424955
425007
425290
427792
428584
428646
428851
430021
430041
430303
431155
431979
435772
436172
439172
441139
441886
443158
444280
444759
444786
445015
445018
445029
445329
445425
446945
449044
450112
450188
451335
452916
453928
454362
456677
456707
457835
458092
458798
459172
461122
461743
461770
463819
464787
466310
466690
467961
470754
477426
478431
482036
483201
484663
485162
485694
486009
486376
486490
486743
487933
487995
488674
488909
489389
489450
489465
489672
489862
492635
492749
494315
494671
494819
496713
497662
498136
498820
499188
499226
499882
500401
501779
501961
503046
503759
503923
505109
505115
506685
509150
510241
510816
512204
512347
513305
514448
515387
518079
520556
524649
526357
527368
528237
528886
532026
532585
536869
537229
538891
538933
539429
546924
548199
549547
552194
553196
553484
554052
554651
567224
568982
570636
570788
570972
570986
571444
571892
574631
575010
575418
577334
578775
579017
580614
580840
581037
581882
583591
584779
585405
585707
585880
586395
586891
587068
588356
588744
589076
589431
590778
591547
592187
594059
594100
596260
598425
599950
600187
602376
602571
603276
603792
603886
605388
605683
606432
606643
606675
607700
608924
609488
610028
610127
610476
610630
610845
611255
611314
611479
611626
611662
612207
612638
612972
613348
613501
613895
614181
615187
615214
615452
615861
616031
616148
616285
616561
616567
617152
617367
619216
619495
619525
619865
620166
620178
620650
620697
621509
621711
621821
621942
622122
622275
622357
622709
623228
623448
623934
624174
624280
624913
625926
625972
625977
626029
626805
626911
627304
627593
627887
627990
628260
628518
628663
629200
629453
629937
630083
630767
630955
631580
631592
632214
632650
633419
633508
633814
633897
634633
634778
634945
634949
634971
635122
635303
635369
635429
635625
635830
635895
636538
636558
636808
636907
637155
637783
637803
637915
638054
638225
638841
638863
638938
639038
639732
640089
640777
641134
641506
642060
642066
642212
642308
642314
642570
642621
642817
642830
643101
643130
643916
644115
644625
645361
646131
646843
647068
647648
648340
648803
649220
649335
649428
649609
649622
650774
650836
650873
651112
651381
651561
651585
651809
652249
652588
652752
652895
652936
653163
653387
653606
654408
654491
654667
654675
654938
655060
655462
655990
656462
656544
656723
656861
656929
658363
658382
658901
659447
659691
659914
659988
660555
660678
660809
660973
661055
661196
661503
661573
661698
661855
662638
663489
663767
664172
664442
664831
664869
666098
666277
666685
666727
667234
667679
667775
668228
668640
668664
668817
668829
669130
669674
670192
670327
670361
670633
671641
672039
672554
672862
674014
674820
675188
675526
675535
676006
676307
676480
676710
678122
679397
679729
680512
680809
681848
683084
684503
684545
684821
686156
687039
687371
689203
690631
691436
691926
692165
692974
693605
693897
694108
694170
696997
697387
698019
698163
698728
698821
699510
701290
701529
704339
706107
708908
712446
712502
714725
715060
715823
716289
717088
717607
721219
721368
721378
723032
723505
724728
727971
728173
729623
730978
731108
732971
735129
739379
740883
740911
741693
744217
744439
744697
745165
745863
747550
748102
749480
751970
758270
762031
762926
765107
767058
798388
856443
50948
51149
51571
56820
57948
58038
59381
61005
62401
63965
64539
65293
67042
69745
70962
71809
71832
76928
78027
79618
80808
81046
81278
81712
81848
82275
82775
83363
83938
84095
85655
86045
86693
86799
87820
88740
88948
89293
90503
90906
91785
92257
92312
93141
93711
93789
93928
94737
96983
96993
97342
97915
98040
98297
98380
98638
99282
101223
101837
102509
102865
103000
103277
103408
103714
104001
104323
104484
104522
104855
105602
105604
106003
106186
106380
106743
108568
108585
111231
111380
112000
112277
112689
112909
113023
113174
113297
113511
115241
115764
115780
115783
115875
116006
116209
116637
116674
117064
117110
117971
118175
118245
118944
120457
120944
121115
121237
121401
122423
124448
124756
125261
125354
125372
125650
125689
125777
125884
126066
126622
127223
127557
127618
127912
128174
129158
129696
129802
129815
129942
130225
130274
130475
130711
131216
131317
131514
132402
132435
132826
132914
133017
133699
133773
133775
134281
135327
135475
135715
136223
137089
137977
138031
138295
138512
139191
139252
140048
140326
142957
143249
143416
143601
144135
145975
146112
146357
146632
146886
147292
147934
148211
148663
149002
149013
149583
151575
151577
152735
153341
154945
155658
156614
156893
157404
158869
158937
159498
159693
159929
161625
162244
162956
163196
164531
164969
165130
165183
165214
165384
166205
166688
167810
169779
169832
171317
171792
172913
173143
173324
173949
174171
175284
176049
177449
177963
178069
179911
180088
180096
180555
181353
181420
181824
183295
183925
184238
185197
186574
186642
187206
187312
187598
188561
189161
190623
191732
192315
193671
193994
194426
195482
196837
197106
197163
197318
198362
198779
199327
199862
203369
204710
206248
206635
210780
212621
215171
215255
215725
216957
217868
218330
218889
219106
219430
219597
219887
221010
221103
221292
223743
224003
226489
226842
227337
227972
228615
228919
233983
234218
234764
235048
235647
235677
235946
236091
237063
237434
240360
242593
243001
247224
248470
248827
253631
254107
254551
259092
259541
261815
262537
263094
264473
265040
267226
269693
271406
271996
273119
274996
275211
276839
276979
277178
277833
278704
279370
279651
279704
280764
280793
281106
281141
281459
282184
282482
282884
284702
284769
285921
287894
288443
288967
289191
289524
292554
292730
293604
294944
295702
296384
296993
297043
297688
299174
301757
302832
303174
304332
305245
305553
306440
307669
309459
309837
309979
310140
310810
311317
311502
313153
314957
318660
319841
320879
322432
323469
324492
325212
327528
327675
327979
328238
328270
328514
328626
328634
329564
330140
331588
332272
332708
333143
335500
336978
338255
339014
340421
341235
341794
342744
343391
343823
344775
345121
346182
346313
348192
349673
350121
350207
350370
351440
351807
351899
352280
354628
354648
356016
356704
357022
357359
358597
359275
359646
359940
360419
360684
361199
361536
363440
363596
364683
364784
364873
364929
364951
365933
366611
367920
368102
368744
370298
371182
371959
372445
374200
380217
381503
382296
383203
386919
387327
388556
390684
390784
391161
392341
394189
397713
399423
399867
400490
400850
400912
400920
400969
403378
403908
404071
404885
405024
405958
406298
406979
411516
411641
413127
413800
413996
418045
418450
419365
419811
419868
420822
420881
421303
421332
423843
424955
425007
425290
427792
428584
428646
428851
430021
430041
430303
431155
431979
435772
436172
439172
441139
441886
443158
444280
444759
444786
445015
445018
445029
445329
445425
446945
449044
450112
450188
451335
452916
453928
454362
456677
456707
457835
458092
458798
459172
461122
461743
461770
463819
464787
466310
466690
467961
470754
477426
478431
482036
483201
484663
485162
485694
486009
486376
486490
486743
487933
487995
488674
488909
489389
489450
489465
489672
489862
492635
492749
494315
494671
494819
496713
497662
498136
498820
499188
499226
499882
500401
501779
501961
503046
503759
503923
505109
505115
506685
509150
510241
510816
512204
512347
513305
514448
515387
518079
520556
524649
526357
527368
528237
528886
532026
532585
536869
537229
538891
538933
539429
546924
548199
549547
552194
553196
553484
554052
554651
567224
568982
570636
570788
570972
570986
571444
571892
574631
575010
575418
577334
578775
579017
580614
580840
581037
581882
583591
584779
585405
585707
585880
586395
586891
587068
588356
588744
589076
589431
590778
591547
592187
594059
594100
596260
598425
599950
600187
602376
602571
603276
603792
603886
605388
605683
606432
606643
606675
607700
608924
609488
610028
610127
610476
610630
610845
611255
611314
611479
611626
611662
612207
612638
612972
613348
613501
613895
614181
615187
615214
615452
615861
616031
616148
616285
616561
616567
617152
617367
619216
619495
619525
619865
620166
620178
620650
620697
621509
621711
621821
621942
622122
622275
622357
622709
623228
623448
623934
624174
624280
624913
625926
625972
625977
626029
626805
626911
627304
627593
627887
627990
628260
628518
628663
629200
629453
629937
630083
630767
630955
631580
631592
632214
632650
633419
633508
633814
633897
634633
634778
634945
634949
634971
635122
635303
635369
635429
635625
635830
635895
636538
636558
636808
636907
637155
637783
637803
637915
638054
638225
638841
638863
638938
639038
639732
640089
640777
641134
641506
642060
642066
642212
642308
642314
642570
642621
642817
642830
643101
643130
643916
644115
644625
645361
646131
646843
647068
647648
648340
648803
649220
649335
649428
649609
649622
650774
650836
650873
651112
651381
651561
651585
651809
652249
652588
652752
652895
652936
653163
653387
653606
654408
654491
654667
654675
654938
655060
655462
655990
656462
656544
656723
656861
656929
658363
658382
658901
659447
659691
659914
659988
660555
660678
660809
660973
661055
661196
661503
661573
661698
661855
662638
663489
663767
664172
664442
664831
664869
666098
666277
666685
666727
667234
667679
667775
668228
668640
668664
668817
668829
669130
669674
670192
670327
670361
670633
671641
672039
672554
672862
674014
674820
675188
675526
675535
676006
676307
676480
676710
678122
679397
679729
680512
680809
681848
683084
684503
684545
684821
686156
687039
687371
689203
690631
691436
691926
692165
692974
693605
693897
694108
694170
696997
697387
698019
698163
698728
698821
699510
701290
701529
704339
706107
708908
712446
712502
714725
715060
715823
716289
717088
717607
721219
721368
721378
723032
723505
724728
727971
728173
729623
730978
731108
732971
735129
739379
740883
740911
741693
744217
744439
744697
745165
745863
747550
748102
749480
751970
758270
762031
762926
765107
767058
798388
856443
50948
51149
51571
56820
57948
58038
59381
61005
62401
63965
64539
65293
67042
69745
70962
71809
71832
76928
78027
79618
80808
81046
81278
81712
81848
82275
82775
83363
83938
84095
85655
86045
86693
86799
87820
88740
88948
89293
90503
90906
91785
92257
92312
93141
93711
93789
93928
94737
96983
96993
97342
97915
98040
98297
98380
98638
99282
101223
101837
102509
102865
103000
103277
103408
103714
104001
104323
104484
104522
104855
105602
105604
106003
106186
106380
106743
108568
108585
111231
111380
112000
112277
112689
112909
113023
113174
113297
113511
115241
115764
115780
115783
115875
116006
116209
116637
116674
117064
117110
117971
118175
118245
118944
120457
120944
121115
121237
121401
122423
124448
124756
125261
125354
125372
125650
125689
125777
125884
126066
126622
127223
127557
127618
127912
128174
129158
129696
129802
129815
129942
130225
130274
130475
130711
131216
131317
131514
132402
132435
132826
132914
133017
133699
133773
133775
134281
135327
135475
135715
136223
137089
137977
138031
138295
138512
139191
139252
140048
140326
142957
143249
143416
143601
144135
145975
146112
146357
146632
146886
147292
147934
148211
148663
149002
149013
149583
151575
151577
152735
153341
154945
155658
156614
156893
157404
158869
158937
159498
159693
159929
161625
162244
162956
163196
164531
164969
165130
165183
165214
165384
166205
166688
167810
169779
169832
171317
171792
172913
173143
173324
173949
174171
175284
176049
177449
177963
178069
179911
180088
180096
180555
181353
181420
181824
183295
183925
184238
185197
186574
186642
187206
187312
187598
188561
189161
190623
191732
192315
193671
193994
194426
195482
196837
197106
197163
197318
198362
198779
199327
199862
203369
204710
206248
206635
210780
212621
215171
215255
215725
216957
217868
218330
218889
219106
219430
219597
219887
221010
221103
221292
223743
224003
226489
226842
227337
227972
228615
228919
233983
234218
234764
235048
235647
235677
235946
236091
237063
237434
240360
242593
243001
247224
248470
248827
253631
254107
254551
259092
259541
261815
262537
263094
264473
265040
267226
269693
271406
271996
273119
274996
275211
276839
276979
277178
277833
278704
279370
279651
279704
280764
280793
281106
281141
281459
282184
282482
282884
284702
284769
285921
287894
288443
288967
289191
289524
292554
292730
293604
294944
295702
296384
296993
297043
297688
299174
301757
302832
303174
304332
305245
305553
306440
307669
309459
309837
309979
310140
310810
311317
311502
313153
314957
318660
319841
320879
322432
323469
324492
325212
327528
327675
327979
328238
328270
328514
328626
328634
329564
330140
331588
332272
332708
333143
335500
336978
338255
339014
340421
341235
341794
342744
343391
343823
344775
345121
346182
346313
348192
349673
350121
350207
350370
351440
351807
351899
352280
354628
354648
356016
356704
357022
357359
358597
359275
359646
359940
360419
360684
361199
361536
363440
363596
364683
364784
364873
364929
364951
365933
366611
367920
368102
368744
370298
371182
371959
372445
374200
380217
381503
382296
383203
386919
387327
388556
390684
390784
391161
392341
394189
397713
399423
399867
400490
400850
400912
400920
400969
403378
403908
404071
404885
405024
405958
406298
406979
411516
411641
413127
413800
413996
418045
418450
419365
419811
419868
420822
420881
421303
421332
423843
424955
425007
425290
427792
428584
428646
428851
430021
430041
430303
431155
431979
435772
436172
439172
441139
441886
443158
444280
444759
444786
445015
445018
445029
445329
445425
446945
449044
450112
450188
451335
452916
453928
454362
456677
456707
457835
458092
458798
459172
461122
461743
461770
463819
464787
466310
466690
467961
470754
477426
478431
482036
483201
484663
485162
485694
486009
486376
486490
486743
487933
487995
488674
488909
489389
489450
489465
489672
489862
492635
492749
494315
494671
494819
496713
497662
498136
498820
499188
499226
499882
500401
501779
501961
503046
503759
503923
505109
505115
506685
509150
510241
510816
512204
512347
513305
514448
515387
518079
520556
524649
526357
527368
528237
528886
532026
532585
536869
537229
538891
538933
539429
546924
548199
549547
552194
553196
553484
554052
554651
567224
568982
570636
570788
570972
570986
571444
571892
574631
575010
575418
577334
578775
579017
580614
580840
581037
581882
583591
584779
585405
585707
585880
586395
586891
587068
588356
588744
589076
589431
590778
591547
592187
594059
594100
596260
598425
599950
600187
602376
602571
603276
603792
603886
605388
605683
606432
606643
606675
607700
608924
609488
610028
610127
610476
610630
610845
611255
611314
611479
611626
611662
612207
612638
612972
613348
613501
613895
614181
615187
615214
615452
615861
616031
616148
616285
616561
616567
617152
617367
619216
619495
619525
619865
620166
620178
620650
620697
621509
621711
621821
621942
622122
622275
622357
622709
623228
623448
623934
624174
624280
624913
625926
625972
625977
626029
626805
626911
627304
627593
627887
627990
628260
628518
628663
629200
629453
629937
630083
630767
630955
631580
631592
632214
632650
633419
633508
633814
633897
634633
634778
634945
634949
634971
635122
635303
635369
635429
635625
635830
635895
636538
636558
636808
636907
637155
637783
637803
637915
638054
638225
638841
638863
638938
639038
639732
640089
640777
641134
641506
642060
642066
642212
642308
642314
642570
642621
642817
642830
643101
643130
643916
644115
644625
645361
646131
646843
647068
647648
648340
648803
649220
649335
649428
649609
649622
650774
650836
650873
651112
651381
651561
651585
651809
652249
652588
652752
652895
652936
653163
653387
653606
654408
654491
654667
654675
654938
655060
655462
655990
656462
656544
656723
656861
656929
658363
658382
658901
659447
659691
659914
659988
660555
660678
660809
660973
661055
661196
661503
661573
661698
661855
662638
663489
663767
664172
664442
664831
664869
666098
666277
666685
666727
667234
667679
667775
668228
668640
668664
668817
668829
669130
669674
670192
670327
670361
670633
671641
672039
672554
672862
674014
674820
675188
675526
675535
676006
676307
676480
676710
678122
679397
679729
680512
680809
681848
683084
684503
684545
684821
686156
687039
687371
689203
690631
691436
691926
692165
692974
693605
693897
694108
694170
696997
697387
698019
698163
698728
698821
699510
701290
701529
704339
706107
708908
712446
712502
714725
715060
715823
716289
717088
717607
721219
721368
721378
723032
723505
724728
727971
728173
729623
730978
731108
732971
735129
739379
740883
740911
741693
744217
744439
744697
745165
745863
747550
748102
749480
751970
758270
762031
762926
765107
767058
798388
856443
50948
51149
51571
56820
57948
58038
59381
61005
62401
63965
64539
65293
67042
69745
70962
71809
71832
76928
78027
79618
80808
81046
81278
81712
81848
82275
82775
83363
83938
84095
85655
86045
86693
86799
87820
88740
88948
89293
90503
90906
91785
92257
92312
93141
93711
93789
93928
94737
96983
96993
97342
97915
98040
98297
98380
98638
99282
101223
101837
102509
102865
103000
103277
103408
103714
104001
104323
104484
104522
104855
105602
105604
106003
106186
106380
106743
108568
108585
111231
111380
112000
112277
112689
112909
113023
113174
113297
113511
115241
115764
115780
115783
115875
116006
116209
116637
116674
117064
117110
117971
118175
118245
118944
120457
120944
121115
121237
121401
122423
124448
124756
125261
125354
125372
125650
125689
125777
125884
126066
126622
127223
127557
127618
127912
128174
129158
129696
129802
129815
129942
130225
130274
130475
130711
131216
131317
131514
132402
132435
132826
132914
133017
133699
133773
133775
134281
135327
135475
135715
136223
137089
137977
138031
138295
138512
139191
139252
140048
140326
142957
143249
143416
143601
144135
145975
146112
146357
146632
146886
147292
147934
148211
148663
149002
149013
149583
151575
151577
152735
153341
154945
155658
156614
156893
157404
158869
158937
159498
159693
159929
161625
162244
162956
163196
164531
164969
165130
165183
165214
165384
166205
166688
167810
169779
169832
171317
171792
172913
173143
173324
173949
174171
175284
176049
177449
177963
178069
179911
180088
180096
180555
181353
181420
181824
183295
183925
184238
185197
186574
186642
187206
187312
187598
188561
189161
190623
191732
192315
193671
193994
194426
195482
196837
197106
197163
197318
198362
198779
199327
199862
203369
204710
206248
206635
210780
212621
215171
215255
215725
216957
217868
218330
218889
219106
219430
219597
219887
221010
221103
221292
223743
224003
226489
226842
227337
227972
228615
228919
233983
234218
234764
235048
235647
235677
235946
236091
237063
237434
240360
242593
243001
247224
248470
248827
253631
254107
254551
259092
259541
261815
262537
263094
264473
265040
267226
269693
271406
271996
273119
274996
275211
276839
276979
277178
277833
278704
279370
279651
279704
280764
280793
281106
281141
281459
282184
282482
282884
284702
284769
285921
287894
288443
288967
289191
289524
292554
292730
293604
294944
295702
296384
296993
297043
297688
299174
301757
302832
303174
304332
305245
305553
306440
307669
309459
309837
309979
310140
310810
311317
311502
313153
314957
318660
319841
320879
322432
323469
324492
325212
327528
327675
327979
328238
328270
328514
328626
328634
329564
330140
331588
332272
332708
333143
335500
336978
338255
339014
340421
341235
341794
342744
343391
343823
344775
345121
346182
346313
348192
349673
350121
350207
350370
351440
351807
351899
352280
354628
354648
356016
356704
357022
357359
358597
359275
359646
359940
360419
360684
361199
361536
363440
363596
364683
364784
364873
364929
364951
365933
366611
367920
368102
368744
370298
371182
371959
372445
374200
380217
381503
382296
383203
386919
387327
388556
390684
390784
391161
392341
394189
397713
399423
399867
400490
400850
400912
400920
400969
403378
403908
404071
404885
405024
405958
406298
406979
411516
411641
413127
413800
413996
418045
418450
419365
419811
419868
420822
420881
421303
421332
423843
424955
425007
425290
427792
428584
428646
428851
430021
430041
430303
431155
431979
435772
436172
439172
441139
441886
443158
444280
444759
444786
445015
445018
445029
445329
445425
446945
449044
450112
450188
451335
452916
453928
454362
456677
456707
457835
458092
458798
459172
461122
461743
461770
463819
464787
466310
466690
467961
470754
477426
478431
482036
483201
484663
485162
485694
486009
486376
486490
486743
487933
487995
488674
488909
489389
489450
489465
489672
489862
492635
492749
494315
494671
494819
496713
497662
498136
498820
499188
499226
499882
500401
501779
501961
503046
503759
503923
505109
505115
506685
509150
510241
510816
512204
512347
513305
514448
515387
518079
520556
524649
526357
527368
528237
528886
532026
532585
536869
537229
538891
538933
539429
546924
548199
549547
552194
553196
553484
554052
554651
567224
568982
570636
570788
570972
570986
571444
571892
574631
575010
575418
577334
578775
579017
580614
580840
581037
581882
583591
584779
585405
585707
585880
586395
586891
587068
588356
588744
589076
589431
590778
591547
592187
594059
594100
596260
598425
599950
600187
602376
602571
603276
603792
603886
605388
605683
606432
606643
606675
607700
608924
609488
610028
610127
610476
610630
610845
611255
611314
611479
611626
611662
612207
612638
612972
613348
613501
613895
614181
615187
615214
615452
615861
616031
616148
616285
616561
616567
617152
617367
619216
619495
619525
619865
620166
620178
620650
620697
621509
621711
621821
621942
622122
622275
622357
622709
623228
623448
623934
624174
624280
624913
625926
625972
625977
626029
626805
626911
627304
627593
627887
627990
628260
628518
628663
629200
629453
629937
630083
630767
630955
631580
631592
632214
632650
633419
633508
633814
633897
634633
634778
634945
634949
634971
635122
635303
635369
635429
635625
635830
635895
636538
636558
636808
636907
637155
637783
637803
637915
638054
638225
638841
638863
638938
639038
639732
640089
640777
641134
641506
642060
642066
642212
642308
642314
642570
642621
642817
642830
643101
643130
643916
644115
644625
645361
646131
646843
647068
647648
648340
648803
649220
649335
649428
649609
649622
650774
650836
650873
651112
651381
651561
651585
651809
652249
652588
652752
652895
652936
653163
653387
653606
654408
654491
654667
654675
654938
655060
655462
655990
656462
656544
656723
656861
656929
658363
658382
658901
659447
659691
659914
659988
660555
660678
660809
660973
661055
661196
661503
661573
661698
661855
662638
663489
663767
664172
664442
664831
664869
666098
666277
666685
666727
667234
667679
667775
668228
668640
668664
668817
668829
669130
669674
670192
670327
670361
670633
671641
672039
672554
672862
674014
674820
675188
675526
675535
676006
676307
676480
676710
678122
679397
679729
680512
680809
681848
683084
684503
684545
684821
686156
687039
687371
689203
690631
691436
691926
692165
692974
693605
693897
694108
694170
696997
697387
698019
698163
698728
698821
699510
701290
701529
704339
706107
708908
712446
712502
714725
715060
715823
716289
717088
717607
721219
721368
721378
723032
723505
724728
727971
728173
729623
730978
731108
732971
735129
739379
740883
740911
741693
744217
744439
744697
745165
745863
747550
748102
749480
751970
758270
762031
762926
765107
767058
798388
856443
50948
51149
51571
56820
57948
58038
59381
61005
62401
63965
64539
65293
67042
69745
70962
71809
71832
76928
78027
79618
80808
81046
81278
81712
81848
82275
82775
83363
83938
84095
85655
86045
86693
86799
87820
88740
88948
89293
90503
90906
91785
92257
92312
93141
93711
93789
93928
94737
96983
96993
97342
97915
98040
98297
98380
98638
99282
101223
101837
102509
102865
103000
103277
103408
103714
104001
104323
104484
104522
104855
105602
105604
106003
106186
106380
106743
108568
108585
111231
111380
112000
112277
112689
112909
113023
113174
113297
113511
115241
115764
115780
115783
115875
116006
116209
116637
116674
117064
117110
117971
118175
118245
118944
120457
120944
121115
121237
121401
122423
124448
124756
125261
125354
125372
125650
125689
125777
125884
126066
126622
127223
127557
127618
127912
128174
129158
129696
129802
129815
129942
130225
130274
130475
130711
131216
131317
131514
132402
132435
132826
132914
133017
133699
133773
133775
134281
135327
135475
135715
136223
137089
137977
138031
138295
138512
139191
139252
140048
140326
142957
143249
143416
143601
144135
145975
146112
146357
146632
146886
147292
147934
148211
148663
149002
149013
149583
151575
151577
152735
153341
154945
155658
156614
156893
157404
158869
158937
159498
159693
159929
161625
162244
162956
163196
164531
164969
165130
165183
165214
165384
166205
166688
167810
169779
169832
171317
171792
172913
173143
173324
173949
174171
175284
176049
177449
177963
178069
179911
180088
180096
180555
181353
181420
181824
183295
183925
184238
185197
186574
186642
187206
187312
187598
188561
189161
190623
191732
192315
193671
193994
194426
195482
196837
197106
197163
197318
198362
198779
199327
199862
203369
204710
206248
206635
210780
212621
215171
215255
215725
216957
217868
218330
218889
219106
219430
219597
219887
221010
221103
221292
223743
224003
226489
226842
227337
227972
228615
228919
233983
234218
234764
235048
235647
235677
235946
236091
237063
237434
240360
242593
243001
247224
248470
248827
253631
254107
254551
259092
259541
261815
262537
263094
264473
265040
267226
269693
271406
271996
273119
274996
275211
276839
276979
277178
277833
278704
279370
279651
279704
280764
280793
281106
281141
281459
282184
282482
282884
284702
284769
285921
287894
288443
288967
289191
289524
292554
292730
293604
294944
295702
296384
296993
297043
297688
299174
301757
302832
303174
304332
305245
305553
306440
307669
309459
309837
309979
310140
310810
311317
311502
313153
314957
318660
319841
320879
322432
323469
324492
325212
327528
327675
327979
328238
328270
328514
328626
328634
329564
330140
331588
332272
332708
333143
335500
336978
338255
339014
340421
341235
341794
342744
343391
343823
344775
345121
346182
346313
348192
349673
350121
350207
350370
351440
351807
351899
352280
354628
354648
356016
356704
357022
357359
358597
359275
359646
359940
360419
360684
361199
361536
363440
363596
364683
364784
364873
364929
364951
365933
366611
367920
368102
368744
370298
371182
371959
372445
374200
380217
381503
382296
383203
386919
387327
388556
390684
390784
391161
392341
394189
397713
399423
399867
400490
400850
400912
400920
400969
403378
403908
404071
404885
405024
405958
406298
406979
411516
411641
413127
413800
413996
418045
418450
419365
419811
419868
420822
420881
421303
421332
423843
424955
425007
425290
427792
428584
428646
428851
430021
430041
430303
431155
431979
435772
436172
439172
441139
441886
443158
444280
444759
444786
445015
445018
445029
445329
445425
446945
449044
450112
450188
451335
452916
453928
454362
456677
456707
457835
458092
458798
459172
461122
461743
461770
463819
464787
466310
466690
467961
470754
477426
478431
482036
483201
484663
485162
485694
486009
486376
486490
486743
487933
487995
488674
488909
489389
489450
489465
489672
489862
492635
492749
494315
494671
494819
496713
497662
498136
498820
499188
499226
499882
500401
501779
501961
503046
503759
503923
505109
505115
506685
509150
510241
510816
512204
512347
513305
514448
515387
518079
520556
524649
526357
527368
528237
528886
532026
532585
536869
537229
538891
538933
539429
546924
548199
549547
552194
553196
553484
554052
554651
567224
568982
570636
570788
570972
570986
571444
571892
574631
575010
575418
577334
578775
579017
580614
580840
581037
581882
583591
584779
585405
585707
585880
586395
586891
587068
588356
588744
589076
589431
590778
591547
592187
594059
594100
596260
598425
599950
600187
602376
602571
603276
603792
603886
605388
605683
606432
606643
606675
607700
608924
609488
610028
610127
610476
610630
610845
611255
611314
611479
611626
611662
612207
612638
612972
613348
613501
613895
614181
615187
615214
615452
615861
616031
616148
616285
616561
616567
617152
617367
619216
619495
619525
619865
620166
620178
620650
620697
621509
621711
621821
621942
622122
622275
622357
622709
623228
623448
623934
624174
624280
624913
625926
625972
625977
626029
626805
626911
627304
627593
627887
627990
628260
628518
628663
629200
629453
629937
630083
630767
630955
631580
631592
632214
632650
633419
633508
633814
633897
634633
634778
634945
634949
634971
635122
635303
635369
635429
635625
635830
635895
636538
636558
636808
636907
637155
637783
637803
637915
638054
638225
638841
638863
638938
639038
639732
640089
640777
641134
641506
642060
642066
642212
642308
642314
642570
642621
642817
642830
643101
643130
643916
644115
644625
645361
646131
646843
647068
647648
648340
648803
649220
649335
649428
649609
649622
650774
650836
650873
651112
651381
651561
651585
651809
652249
652588
652752
652895
652936
653163
653387
653606
654408
654491
654667
654675
654938
655060
655462
655990
656462
656544
656723
656861
656929
658363
658382
658901
659447
659691
659914
659988
660555
660678
660809
660973
661055
661196
661503
661573
661698
661855
662638
663489
663767
664172
664442
664831
664869
666098
666277
666685
666727
667234
667679
667775
668228
668640
668664
668817
668829
669130
669674
670192
670327
670361
670633
671641
672039
672554
672862
674014
674820
675188
675526
675535
676006
676307
676480
676710
678122
679397
679729
680512
680809
681848
683084
684503
684545
684821
686156
687039
687371
689203
690631
691436
691926
692165
692974
693605
693897
694108
694170
696997
697387
698019
698163
698728
698821
699510
701290
701529
704339
706107
708908
712446
712502
714725
715060
715823
716289
717088
717607
721219
721368
721378
723032
723505
724728
727971
728173
729623
730978
731108
732971
735129
739379
740883
740911
741693
744217
744439
744697
745165
745863
747550
748102
749480
751970
758270
762031
762926
765107
767058
798388
856443
50948
51149
51571
56820
57948
58038
59381
61005
62401
63965
64539
65293
67042
69745
70962
71809
71832
76928
78027
79618
80808
81046
81278
81712
81848
82275
82775
83363
83938
84095
85655
86045
86693
86799
87820
88740
88948
89293
90503
90906
91785
92257
92312
93141
93711
93789
93928
94737
96983
96993
97342
97915
98040
98297
98380
98638
99282
101223
101837
102509
102865
103000
103277
103408
103714
104001
104323
104484
104522
104855
105602
105604
106003
106186
106380
106743
108568
108585
111231
111380
112000
112277
112689
112909
113023
113174
113297
113511
115241
115764
115780
115783
115875
116006
116209
116637
116674
117064
117110
117971
118175
118245
118944
120457
120944
121115
121237
121401
122423
124448
124756
125261
125354
125372
125650
125689
125777
125884
126066
126622
127223
127557
127618
127912
128174
129158
129696
129802
129815
129942
130225
130274
130475
130711
131216
131317
131514
132402
132435
132826
132914
133017
133699
133773
133775
134281
135327
135475
135715
136223
137089
137977
138031
138295
138512
139191
139252
140048
140326
142957
143249
143416
143601
144135
145975
146112
146357
146632
146886
147292
147934
148211
148663
149002
149013
149583
151575
151577
152735
153341
154945
155658
156614
156893
157404
158869
158937
159498
159693
159929
161625
162244
162956
163196
164531
164969
165130
165183
165214
165384
166205
166688
167810
169779
169832
171317
171792
172913
173143
173324
173949
174171
175284
176049
177449
177963
178069
179911
180088
180096
180555
181353
181420
181824
183295
183925
184238
185197
186574
186642
187206
187312
187598
188561
189161
190623
191732
192315
193671
193994
194426
195482
196837
197106
197163
197318
198362
198779
199327
199862
203369
204710
206248
206635
210780
212621
215171
215255
215725
216957
217868
218330
218889
219106
219430
219597
219887
221010
221103
221292
223743
224003
226489
226842
227337
227972
228615
228919
233983
234218
234764
235048
235647
235677
235946
236091
237063
237434
240360
242593
243001
247224
248470
248827
253631
254107
254551
259092
259541
261815
262537
263094
264473
265040
267226
269693
271406
271996
273119
274996
275211
276839
276979
277178
277833
278704
279370
279651
279704
280764
280793
281106
281141
281459
282184
282482
282884
284702
284769
285921
287894
288443
288967
289191
289524
292554
292730
293604
294944
295702
296384
296993
297043
297688
299174
301757
302832
303174
304332
305245
305553
306440
307669
309459
309837
309979
310140
310810
311317
311502
313153
314957
318660
319841
320879
322432
323469
324492
325212
327528
327675
327979
328238
328270
328514
328626
328634
329564
330140
331588
332272
332708
333143
335500
336978
338255
339014
340421
341235
341794
342744
343391
343823
344775
345121
346182
346313
348192
349673
350121
350207
350370
351440
351807
351899
352280
354628
354648
356016
356704
357022
357359
358597
359275
359646
359940
360419
360684
361199
361536
363440
363596
364683
364784
364873
364929
364951
365933
366611
367920
368102
368744
370298
371182
371959
372445
374200
380217
381503
382296
383203
386919
387327
388556
390684
390784
391161
392341
394189
397713
399423
399867
400490
400850
400912
400920
400969
403378
403908
404071
404885
405024
405958
406298
406979
411516
411641
413127
413800
413996
418045
418450
419365
419811
419868
420822
420881
421303
421332
423843
424955
425007
425290
427792
428584
428646
428851
430021
430041
430303
431155
431979
435772
436172
439172
441139
441886
443158
444280
444759
444786
445015
445018
445029
445329
445425
446945
449044
450112
450188
451335
452916
453928
454362
456677
456707
457835
458092
458798
459172
461122
461743
461770
463819
464787
466310
466690
467961
470754
477426
478431
482036
483201
484663
485162
485694
486009
486376
486490
486743
487933
487995
488674
488909
489389
489450
489465
489672
489862
492635
492749
494315
494671
494819
496713
497662
498136
498820
499188
499226
499882
500401
501779
501961
503046
503759
503923
505109
505115
506685
509150
510241
510816
512204
512347
513305
514448
515387
518079
520556
524649
526357
527368
528237
528886
532026
532585
536869
537229
538891
538933
539429
546924
548199
549547
552194
553196
553484
554052
554651
567224
568982
570636
570788
570972
570986
571444
571892
574631
575010
575418
577334
578775
579017
580614
580840
581037
581882
583591
584779
585405
585707
585880
586395
586891
587068
588356
588744
589076
589431
590778
591547
592187
594059
594100
596260
598425
599950
600187
602376
602571
603276
603792
603886
605388
605683
606432
606643
606675
607700
608924
609488
610028
610127
610476
610630
610845
611255
611314
611479
611626
611662
612207
612638
612972
613348
613501
613895
614181
615187
615214
615452
615861
616031
616148
616285
616561
616567
617152
617367
619216
619495
619525
619865
620166
620178
620650
620697
621509
621711
621821
621942
622122
622275
622357
622709
623228
623448
623934
624174
624280
624913
625926
625972
625977
626029
626805
626911
627304
627593
627887
627990
628260
628518
628663
629200
629453
629937
630083
630767
630955
631580
631592
632214
632650
633419
633508
633814
633897
634633
634778
634945
634949
634971
635122
635303
635369
635429
635625
635830
635895
636538
636558
636808
636907
637155
637783
637803
637915
638054
638225
638841
638863
638938
639038
639732
640089
640777
641134
641506
642060
642066
642212
642308
642314
642570
642621
642817
642830
643101
643130
643916
644115
644625
645361
646131
646843
647068
647648
648340
648803
649220
649335
649428
649609
649622
650774
650836
650873
651112
651381
651561
651585
651809
652249
652588
652752
652895
652936
653163
653387
653606
654408
654491
654667
654675
654938
655060
655462
655990
656462
656544
656723
656861
656929
658363
658382
658901
659447
659691
659914
659988
660555
660678
660809
660973
661055
661196
661503
661573
661698
661855
662638
663489
663767
664172
664442
664831
664869
666098
666277
666685
666727
667234
667679
667775
668228
668640
668664
668817
668829
669130
669674
670192
670327
670361
670633
671641
672039
672554
672862
674014
674820
675188
675526
675535
676006
676307
676480
676710
678122
679397
679729
680512
680809
681848
683084
684503
684545
684821
686156
687039
687371
689203
690631
691436
691926
692165
692974
693605
693897
694108
694170
696997
697387
698019
698163
698728
698821
699510
701290
701529
704339
706107
708908
712446
712502
714725
715060
715823
716289
717088
717607
721219
721368
721378
723032
723505
724728
727971
728173
729623
730978
731108
732971
735129
739379
740883
740911
741693
744217
744439
744697
745165
745863
747550
748102
749480
751970
758270
762031
762926
765107
767058
798388
856443
