70216
99455
131251
140544
140921
141144
141478
141586
141903
143793
144448
144731
145694
146088
147344
147687
148004
149917
152488
152749
153050
154064
155379
155452
155789
158502
159588
159617
161155
163506
164722
174362
174964
175146
176097
176726
177634
177772
177858
178511
179069
179275
179746
180015
180320
180782
181283
181447
183085
183635
186454
186918
187249
187922
188437
188519
189062
189076
189528
190340
190444
190527
190808
191193
192019
194156
194557
194732
196646
197282
197657
197797
197974
198430
199295
199846
199992
200051
201541
203573
205430
205935
220650
220883
220964
223023
224029
224371
225663
226250
226639
227778
229317
231545
233726
234730
235447
235556
235992
237541
237904
237912
238219
239471
240889
241822
244344
245311
245400
246824
246907
251423
252171
252898
253472
255671
257479
260992
266204
267189
268957
268964
269618
271107
272224
273698
274206
275434
275756
277160
277367
277527
277617
277764
278356
278419
280151
281198
284560
286157
286400
286609
287842
288935
289494
290414
292353
294133
294442
294794
296099
296532
298571
302773
302784
302899
303141
303811
304987
308674
321687
322127
324931
327233
329166
331386
332893
333777
333910
335860
336760
337453
338383
338762
339725
340094
341887
342045
342320
342441
343727
345478
345635
345759
346466
346743
347535
348400
348915
350190
350777
350876
352026
352616
354358
354984
355431
355894
357053
357251
357718
359227
359417
359754
360934
361532
362180
362962
363788
364781
366408
367923
368143
368632
368759
369099
369501
369593
370684
371836
371879
372139
372201
372339
372389
374505
374901
375348
375808
376723
377030
379882
380388
382829
385196
385731
387864
388292
388785
393824
393948
394716
399248
400545
402729
402949
403807
406169
407218
410478
412459
414317
419129
422955
428802
430444
444877
447171
448451
448694
450182
452641
452987
458790
458889
461166
461167
461891
462682
464872
465799
465815
465939
467457
467498
468686
469036
470027
470983
471713
472304
472527
472971
472983
473650
476035
476545
476755
476917
477962
478546
479415
480819
482500
482741
483040
483274
483335
484045
484068
484239
485219
485646
485853
486769
486934
487881
488085
490034
490476
490855
492172
492781
492913
494813
495507
497222
500766
503251
503665
509268
510511
511426
512072
515947
517473
525606
529873
529971
532348
532438
533200
537074
537839
538149
539122
539443
549769
550590
550964
551557
554607
557645
559469
559927
560222
561039
561651
562021
562442
563867
564081
564775
564801
565559
566663
567854
568086
568590
569803
572243
574996
580373
581614
583285
584304
586884
586915
588432
589064
589319
591134
591961
592237
592586
592622
592822
592953
593604
593970
594353
594721
595021
595214
595273
597082
597575
599367
599636
599926
600298
600351
600577
600799
600994
601140
601503
601745
602891
603384
603672
603890
604820
605165
606902
606955
607749
607870
608000
608306
608525
608701
608839
608980
610379
610612
610756
611286
611491
612291
612343
612710
614049
614514
614689
615019
616335
616948
617126
617891
618012
618849
620102
620481
620936
621222
621663
621743
622789
623275
623300
623315
623904
624061
625049
625227
625526
625592
625610
625815
625823
625898
626164
626303
626354
626725
626862
626932
626995
627218
627273
627483
627514
627788
628216
629056
629368
629488
629729
629828
629920
630201
630252
630736
630971
631184
631278
632179
632255
632314
632383
632472
632791
632814
633119
633544
634093
634542
634730
634902
635061
635123
635178
635608
635901
636178
636402
636409
636741
636804
636821
636873
637129
637696
637737
637764
637798
637834
637919
637983
638110
638388
638469
638576
638993
639097
639207
639319
639434
639446
639604
639927
639981
640007
640303
640547
640966
641005
641058
641134
641246
641380
641540
641946
641953
642008
642126
642176
642315
642428
642461
642779
643223
643509
643607
643737
644212
644398
644438
644770
645343
645633
646243
646269
646339
646479
646594
646819
646887
647006
647147
647280
647550
647561
647781
647823
647904
647950
648019
648099
648113
648654
649047
649206
649394
650417
650423
651149
651276
651532
651762
651814
652270
652294
652321
652379
652524
652718
652956
653218
653854
653921
654000
654182
654574
654847
654946
655342
656249
656284
656362
656370
656406
656509
656750
656807
656953
657196
657356
657412
658199
658799
658896
659502
660036
660187
660436
660718
660882
661298
661831
662049
662161
662452
662542
662907
663311
663375
663418
663931
664134
664239
664756
664765
665242
665570
665750
666260
666681
666757
667009
667127
667177
667318
668629
668895
668956
669161
669195
669517
669753
669926
670579
671072
671103
671489
671815
672240
672774
672953
672953
673033
673190
673513
673714
674012
675068
675258
675561
676135
676464
676930
677385
677448
677807
678540
678787
679018
679207
679229
679668
679919
680630
680860
680926
680941
681045
681052
681246
681291
681365
681655
681775
681812
681843
682176
682602
682880
682919
683254
683368
683754
684118
685122
685250
685443
685586
685603
686198
686846
686901
687489
687598
687870
688066
688634
688760
689011
689329
689412
689763
689912
689936
689985
690301
690390
690833
690897
691244
691383
691489
691687
691832
691920
692171
692356
692454
693336
693426
693678
694691
694762
694995
695322
695826
696330
696443
696485
696528
696736
697133
697358
698304
698312
698529
698731
698766
698938
699131
699401
700892
703418
704230
704900
705152
705318
705385
705741
705905
709876
710365
712422
717301
721493
722237
722902
730220
741423
745773
748197
770697
824779
70216
99455
131251
140544
140921
141144
141478
141586
141903
143793
144448
144731
145694
146088
147344
147687
148004
149917
152488
152749
153050
154064
155379
155452
155789
158502
159588
159617
161155
163506
164722
174362
174964
175146
176097
176726
177634
177772
177858
178511
179069
179275
179746
180015
180320
180782
181283
181447
183085
183635
186454
186918
187249
187922
188437
188519
189062
189076
189528
190340
190444
190527
190808
191193
192019
194156
194557
194732
196646
197282
197657
197797
197974
198430
199295
199846
199992
200051
201541
203573
205430
205935
220650
220883
220964
223023
224029
224371
225663
226250
226639
227778
229317
231545
233726
234730
235447
235556
235992
237541
237904
237912
238219
239471
240889
241822
244344
245311
245400
246824
246907
251423
252171
252898
253472
255671
257479
260992
266204
267189
268957
268964
269618
271107
272224
273698
274206
275434
275756
277160
277367
277527
277617
277764
278356
278419
280151
281198
284560
286157
286400
286609
287842
288935
289494
290414
292353
294133
294442
294794
296099
296532
298571
302773
302784
302899
303141
303811
304987
308674
321687
322127
324931
327233
329166
331386
332893
333777
333910
335860
336760
337453
338383
338762
339725
340094
341887
342045
342320
342441
343727
345478
345635
345759
346466
346743
347535
348400
348915
350190
350777
350876
352026
352616
354358
354984
355431
355894
357053
357251
357718
359227
359417
359754
360934
361532
362180
362962
363788
364781
366408
367923
368143
368632
368759
369099
369501
369593
370684
371836
371879
372139
372201
372339
372389
374505
374901
375348
375808
376723
377030
379882
380388
382829
385196
385731
387864
388292
388785
393824
393948
394716
399248
400545
402729
402949
403807
406169
407218
410478
412459
414317
419129
422955
428802
430444
444877
447171
448451
448694
450182
452641
452987
458790
458889
461166
461167
461891
462682
464872
465799
465815
465939
467457
467498
468686
469036
470027
470983
471713
472304
472527
472971
472983
473650
476035
476545
476755
476917
477962
478546
479415
480819
482500
482741
483040
483274
483335
484045
484068
484239
485219
485646
485853
486769
486934
487881
488085
490034
490476
490855
492172
492781
492913
494813
495507
497222
500766
503251
503665
509268
510511
511426
512072
515947
517473
525606
529873
529971
532348
532438
533200
537074
537839
538149
539122
539443
549769
550590
550964
551557
554607
557645
559469
559927
560222
561039
561651
562021
562442
563867
564081
564775
564801
565559
566663
567854
568086
568590
569803
572243
574996
580373
581614
583285
584304
586884
586915
588432
589064
589319
591134
591961
592237
592586
592622
592822
592953
593604
593970
594353
594721
595021
595214
595273
597082
597575
599367
599636
599926
600298
600351
600577
600799
600994
601140
601503
601745
602891
603384
603672
603890
604820
605165
606902
606955
607749
607870
608000
608306
608525
608701
608839
608980
610379
610612
610756
611286
611491
612291
612343
612710
614049
614514
614689
615019
616335
616948
617126
617891
618012
618849
620102
620481
620936
621222
621663
621743
622789
623275
623300
623315
623904
624061
625049
625227
625526
625592
625610
625815
625823
625898
626164
626303
626354
626725
626862
626932
626995
627218
627273
627483
627514
627788
628216
629056
629368
629488
629729
629828
629920
630201
630252
630736
630971
631184
631278
632179
632255
632314
632383
632472
632791
632814
633119
633544
634093
634542
634730
634902
635061
635123
635178
635608
635901
636178
636402
636409
636741
636804
636821
636873
637129
637696
637737
637764
637798
637834
637919
637983
638110
638388
638469
638576
638993
639097
639207
639319
639434
639446
639604
639927
639981
640007
640303
640547
640966
641005
641058
641134
641246
641380
641540
641946
641953
642008
642126
642176
642315
642428
642461
642779
643223
643509
643607
643737
644212
644398
644438
644770
645343
645633
646243
646269
646339
646479
646594
646819
646887
647006
647147
647280
647550
647561
647781
647823
647904
647950
648019
648099
648113
648654
649047
649206
649394
650417
650423
651149
651276
651532
651762
651814
652270
652294
652321
652379
652524
652718
652956
653218
653854
653921
654000
654182
654574
654847
654946
655342
656249
656284
656362
656370
656406
656509
656750
656807
656953
657196
657356
657412
658199
658799
658896
659502
660036
660187
660436
660718
660882
661298
661831
662049
662161
662452
662542
662907
663311
663375
663418
663931
664134
664239
664756
664765
665242
665570
665750
666260
666681
666757
667009
667127
667177
667318
668629
668895
668956
669161
669195
669517
669753
669926
670579
671072
671103
671489
671815
672240
672774
672953
672953
673033
673190
673513
673714
674012
675068
675258
675561
676135
676464
676930
677385
677448
677807
678540
678787
679018
679207
679229
679668
679919
680630
680860
680926
680941
681045
681052
681246
681291
681365
681655
681775
681812
681843
682176
682602
682880
682919
683254
683368
683754
684118
685122
685250
685443
685586
685603
686198
686846
686901
687489
687598
687870
688066
688634
688760
689011
689329
689412
689763
689912
689936
689985
690301
690390
690833
690897
691244
691383
691489
691687
691832
691920
692171
692356
692454
693336
693426
693678
694691
694762
694995
695322
695826
696330
696443
696485
696528
696736
697133
697358
698304
698312
698529
698731
698766
698938
699131
699401
700892
703418
704230
704900
705152
705318
705385
705741
705905
709876
710365
712422
717301
721493
722237
722902
730220
741423
745773
748197
770697
824779
70216
99455
131251
140544
140921
141144
141478
141586
141903
143793
144448
144731
145694
146088
147344
147687
148004
149917
152488
152749
153050
154064
155379
155452
155789
158502
159588
159617
161155
163506
164722
174362
174964
175146
176097
176726
177634
177772
177858
178511
179069
179275
179746
180015
180320
180782
181283
181447
183085
183635
186454
186918
187249
187922
188437
188519
189062
189076
189528
190340
190444
190527
190808
191193
192019
194156
194557
194732
196646
197282
197657
197797
197974
198430
199295
199846
199992
200051
201541
203573
205430
205935
220650
220883
220964
223023
224029
224371
225663
226250
226639
227778
229317
231545
233726
234730
235447
235556
235992
237541
237904
237912
238219
239471
240889
241822
244344
245311
245400
246824
246907
251423
252171
252898
253472
255671
257479
260992
266204
267189
268957
268964
269618
271107
272224
273698
274206
275434
275756
277160
277367
277527
277617
277764
278356
278419
280151
281198
284560
286157
286400
286609
287842
288935
289494
290414
292353
294133
294442
294794
296099
296532
298571
302773
302784
302899
303141
303811
304987
308674
321687
322127
324931
327233
329166
331386
332893
333777
333910
335860
336760
337453
338383
338762
339725
340094
341887
342045
342320
342441
343727
345478
345635
345759
346466
346743
347535
348400
348915
350190
350777
350876
352026
352616
354358
354984
355431
355894
357053
357251
357718
359227
359417
359754
360934
361532
362180
362962
363788
364781
366408
367923
368143
368632
368759
369099
369501
369593
370684
371836
371879
372139
372201
372339
372389
374505
374901
375348
375808
376723
377030
379882
380388
382829
385196
385731
387864
388292
388785
393824
393948
394716
399248
400545
402729
402949
403807
406169
407218
410478
412459
414317
419129
422955
428802
430444
444877
447171
448451
448694
450182
452641
452987
458790
458889
461166
461167
461891
462682
464872
465799
465815
465939
467457
467498
468686
469036
470027
470983
471713
472304
472527
472971
472983
473650
476035
476545
476755
476917
477962
478546
479415
480819
482500
482741
483040
483274
483335
484045
484068
484239
485219
485646
485853
486769
486934
487881
488085
490034
490476
490855
492172
492781
492913
494813
495507
497222
500766
503251
503665
509268
510511
511426
512072
515947
517473
525606
529873
529971
532348
532438
533200
537074
537839
538149
539122
539443
549769
550590
550964
551557
554607
557645
559469
559927
560222
561039
561651
562021
562442
563867
564081
564775
564801
565559
566663
567854
568086
568590
569803
572243
574996
580373
581614
583285
584304
586884
586915
588432
589064
589319
591134
591961
592237
592586
592622
592822
592953
593604
593970
594353
594721
595021
595214
595273
597082
597575
599367
599636
599926
600298
600351
600577
600799
600994
601140
601503
601745
602891
603384
603672
603890
604820
605165
606902
606955
607749
607870
608000
608306
608525
608701
608839
608980
610379
610612
610756
611286
611491
612291
612343
612710
614049
614514
614689
615019
616335
616948
617126
617891
618012
618849
620102
620481
620936
621222
621663
621743
622789
623275
623300
623315
623904
624061
625049
625227
625526
625592
625610
625815
625823
625898
626164
626303
626354
626725
626862
626932
626995
627218
627273
627483
627514
627788
628216
629056
629368
629488
629729
629828
629920
630201
630252
630736
630971
631184
631278
632179
632255
632314
632383
632472
632791
632814
633119
633544
634093
634542
634730
634902
635061
635123
635178
635608
635901
636178
636402
636409
636741
636804
636821
636873
637129
637696
637737
637764
637798
637834
637919
637983
638110
638388
638469
638576
638993
639097
639207
639319
639434
639446
639604
639927
639981
640007
640303
640547
640966
641005
641058
641134
641246
641380
641540
641946
641953
642008
642126
642176
642315
642428
642461
642779
643223
643509
643607
643737
644212
644398
644438
644770
645343
645633
646243
646269
646339
646479
646594
646819
646887
647006
647147
647280
647550
647561
647781
647823
647904
647950
648019
648099
648113
648654
649047
649206
649394
650417
650423
651149
651276
651532
651762
651814
652270
652294
652321
652379
652524
652718
652956
653218
653854
653921
654000
654182
654574
654847
654946
655342
656249
656284
656362
656370
656406
656509
656750
656807
656953
657196
657356
657412
658199
658799
658896
659502
660036
660187
660436
660718
660882
661298
661831
662049
662161
662452
662542
662907
663311
663375
663418
663931
664134
664239
664756
664765
665242
665570
665750
666260
666681
666757
667009
667127
667177
667318
668629
668895
668956
669161
669195
669517
669753
669926
670579
671072
671103
671489
671815
672240
672774
672953
672953
673033
673190
673513
673714
674012
675068
675258
675561
676135
676464
676930
677385
677448
677807
678540
678787
679018
679207
679229
679668
679919
680630
680860
680926
680941
681045
681052
681246
681291
681365
681655
681775
681812
681843
682176
682602
682880
682919
683254
683368
683754
684118
685122
685250
685443
685586
685603
686198
686846
686901
687489
687598
687870
688066
688634
688760
689011
689329
689412
689763
689912
689936
689985
690301
690390
690833
690897
691244
691383
691489
691687
691832
691920
692171
692356
692454
693336
693426
693678
694691
694762
694995
695322
695826
696330
696443
696485
696528
696736
697133
697358
698304
698312
698529
698731
698766
698938
699131
699401
700892
703418
704230
704900
705152
705318
705385
705741
705905
709876
710365
712422
717301
721493
722237
722902
730220
741423
745773
748197
770697
824779
70216
99455
131251
140544
140921
141144
141478
141586
141903
143793
144448
144731
145694
146088
147344
147687
148004
149917
152488
152749
153050
154064
155379
155452
155789
158502
159588
159617
161155
163506
164722
174362
174964
175146
176097
176726
177634
177772
177858
178511
179069
179275
179746
180015
180320
180782
181283
181447
183085
183635
186454
186918
187249
187922
188437
188519
189062
189076
189528
190340
190444
190527
190808
191193
192019
194156
194557
194732
196646
197282
197657
197797
197974
198430
199295
199846
199992
200051
201541
203573
205430
205935
220650
220883
220964
223023
224029
224371
225663
226250
226639
227778
229317
231545
233726
234730
235447
235556
235992
237541
237904
237912
238219
239471
240889
241822
244344
245311
245400
246824
246907
251423
252171
252898
253472
255671
257479
260992
266204
267189
268957
268964
269618
271107
272224
273698
274206
275434
275756
277160
277367
277527
277617
277764
278356
278419
280151
281198
284560
286157
286400
286609
287842
288935
289494
290414
292353
294133
294442
294794
296099
296532
298571
302773
302784
302899
303141
303811
304987
308674
321687
322127
324931
327233
329166
331386
332893
333777
333910
335860
336760
337453
338383
338762
339725
340094
341887
342045
342320
342441
343727
345478
345635
345759
346466
346743
347535
348400
348915
350190
350777
350876
352026
352616
354358
354984
355431
355894
357053
357251
357718
359227
359417
359754
360934
361532
362180
362962
363788
364781
366408
367923
368143
368632
368759
369099
369501
369593
370684
371836
371879
372139
372201
372339
372389
374505
374901
375348
375808
376723
377030
379882
380388
382829
385196
385731
387864
388292
388785
393824
393948
394716
399248
400545
402729
402949
403807
406169
407218
410478
412459
414317
419129
422955
428802
430444
444877
447171
448451
448694
450182
452641
452987
458790
458889
461166
461167
461891
462682
464872
465799
465815
465939
467457
467498
468686
469036
470027
470983
471713
472304
472527
472971
472983
473650
476035
476545
476755
476917
477962
478546
479415
480819
482500
482741
483040
483274
483335
484045
484068
484239
485219
485646
485853
486769
486934
487881
488085
490034
490476
490855
492172
492781
492913
494813
495507
497222
500766
503251
503665
509268
510511
511426
512072
515947
517473
525606
529873
529971
532348
532438
533200
537074
537839
538149
539122
539443
549769
550590
550964
551557
554607
557645
559469
559927
560222
561039
561651
562021
562442
563867
564081
564775
564801
565559
566663
567854
568086
568590
569803
572243
574996
580373
581614
583285
584304
586884
586915
588432
589064
589319
591134
591961
592237
592586
592622
592822
592953
593604
593970
594353
594721
595021
595214
595273
597082
597575
599367
599636
599926
600298
600351
600577
600799
600994
601140
601503
601745
602891
603384
603672
603890
604820
605165
606902
606955
607749
607870
608000
608306
608525
608701
608839
608980
610379
610612
610756
611286
611491
612291
612343
612710
614049
614514
614689
615019
616335
616948
617126
617891
618012
618849
620102
620481
620936
621222
621663
621743
622789
623275
623300
623315
623904
624061
625049
625227
625526
625592
625610
625815
625823
625898
626164
626303
626354
626725
626862
626932
626995
627218
627273
627483
627514
627788
628216
629056
629368
629488
629729
629828
629920
630201
630252
630736
630971
631184
631278
632179
632255
632314
632383
632472
632791
632814
633119
633544
634093
634542
634730
634902
635061
635123
635178
635608
635901
636178
636402
636409
636741
636804
636821
636873
637129
637696
637737
637764
637798
637834
637919
637983
638110
638388
638469
638576
638993
639097
639207
639319
639434
639446
639604
639927
639981
640007
640303
640547
640966
641005
641058
641134
641246
641380
641540
641946
641953
642008
642126
642176
642315
642428
642461
642779
643223
643509
643607
643737
644212
644398
644438
644770
645343
645633
646243
646269
646339
646479
646594
646819
646887
647006
647147
647280
647550
647561
647781
647823
647904
647950
648019
648099
648113
648654
649047
649206
649394
650417
650423
651149
651276
651532
651762
651814
652270
652294
652321
652379
652524
652718
652956
653218
653854
653921
654000
654182
654574
654847
654946
655342
656249
656284
656362
656370
656406
656509
656750
656807
656953
657196
657356
657412
658199
658799
658896
659502
660036
660187
660436
660718
660882
661298
661831
662049
662161
662452
662542
662907
663311
663375
663418
663931
664134
664239
664756
664765
665242
665570
665750
666260
666681
666757
667009
667127
667177
667318
668629
668895
668956
669161
669195
669517
669753
669926
670579
671072
671103
671489
671815
672240
672774
672953
672953
673033
673190
673513
673714
674012
675068
675258
675561
676135
676464
676930
677385
677448
677807
678540
678787
679018
679207
679229
679668
679919
680630
680860
680926
680941
681045
681052
681246
681291
681365
681655
681775
681812
681843
682176
682602
682880
682919
683254
683368
683754
684118
685122
685250
685443
685586
685603
686198
686846
686901
687489
687598
687870
688066
688634
688760
689011
689329
689412
689763
689912
689936
689985
690301
690390
690833
690897
691244
691383
691489
691687
691832
691920
692171
692356
692454
693336
693426
693678
694691
694762
694995
695322
695826
696330
696443
696485
696528
696736
697133
697358
698304
698312
698529
698731
698766
698938
699131
699401
700892
703418
704230
704900
705152
705318
705385
705741
705905
709876
710365
712422
717301
721493
722237
722902
730220
741423
745773
748197
770697
824779
70216
99455
131251
140544
140921
141144
141478
141586
141903
143793
144448
144731
145694
146088
147344
147687
148004
149917
152488
152749
153050
154064
155379
155452
155789
158502
159588
159617
161155
163506
164722
174362
174964
175146
176097
176726
177634
177772
177858
178511
179069
179275
179746
180015
180320
180782
181283
181447
183085
183635
186454
186918
187249
187922
188437
188519
189062
189076
189528
190340
190444
190527
190808
191193
192019
194156
194557
194732
196646
197282
197657
197797
197974
198430
199295
199846
199992
200051
201541
203573
205430
205935
220650
220883
220964
223023
224029
224371
225663
226250
226639
227778
229317
231545
233726
234730
235447
235556
235992
237541
237904
237912
238219
239471
240889
241822
244344
245311
245400
246824
246907
251423
252171
252898
253472
255671
257479
260992
266204
267189
268957
268964
269618
271107
272224
273698
274206
275434
275756
277160
277367
277527
277617
277764
278356
278419
280151
281198
284560
286157
286400
286609
287842
288935
289494
290414
292353
294133
294442
294794
296099
296532
298571
302773
302784
302899
303141
303811
304987
308674
321687
322127
324931
327233
329166
331386
332893
333777
333910
335860
336760
337453
338383
338762
339725
340094
341887
342045
342320
342441
343727
345478
345635
345759
346466
346743
347535
348400
348915
350190
350777
350876
352026
352616
354358
354984
355431
355894
357053
357251
357718
359227
359417
359754
360934
361532
362180
362962
363788
364781
366408
367923
368143
368632
368759
369099
369501
369593
370684
371836
371879
372139
372201
372339
372389
374505
374901
375348
375808
376723
377030
379882
380388
382829
385196
385731
387864
388292
388785
393824
393948
394716
399248
400545
402729
402949
403807
406169
407218
410478
412459
414317
419129
422955
428802
430444
444877
447171
448451
448694
450182
452641
452987
458790
458889
461166
461167
461891
462682
464872
465799
465815
465939
467457
467498
468686
469036
470027
470983
471713
472304
472527
472971
472983
473650
476035
476545
476755
476917
477962
478546
479415
480819
482500
482741
483040
483274
483335
484045
484068
484239
485219
485646
485853
486769
486934
487881
488085
490034
490476
490855
492172
492781
492913
494813
495507
497222
500766
503251
503665
509268
510511
511426
512072
515947
517473
525606
529873
529971
532348
532438
533200
537074
537839
538149
539122
539443
549769
550590
550964
551557
554607
557645
559469
559927
560222
561039
561651
562021
562442
563867
564081
564775
564801
565559
566663
567854
568086
568590
569803
572243
574996
580373
581614
583285
584304
586884
586915
588432
589064
589319
591134
591961
592237
592586
592622
592822
592953
593604
593970
594353
594721
595021
595214
595273
597082
597575
599367
599636
599926
600298
600351
600577
600799
600994
601140
601503
601745
602891
603384
603672
603890
604820
605165
606902
606955
607749
607870
608000
608306
608525
608701
608839
608980
610379
610612
610756
611286
611491
612291
612343
612710
614049
614514
614689
615019
616335
616948
617126
617891
618012
618849
620102
620481
620936
621222
621663
621743
622789
623275
623300
623315
623904
624061
625049
625227
625526
625592
625610
625815
625823
625898
626164
626303
626354
626725
626862
626932
626995
627218
627273
627483
627514
627788
628216
629056
629368
629488
629729
629828
629920
630201
630252
630736
630971
631184
631278
632179
632255
632314
632383
632472
632791
632814
633119
633544
634093
634542
634730
634902
635061
635123
635178
635608
635901
636178
636402
636409
636741
636804
636821
636873
637129
637696
637737
637764
637798
637834
637919
637983
638110
638388
638469
638576
638993
639097
639207
639319
639434
639446
639604
639927
639981
640007
640303
640547
640966
641005
641058
641134
641246
641380
641540
641946
641953
642008
642126
642176
642315
642428
642461
642779
643223
643509
643607
643737
644212
644398
644438
644770
645343
645633
646243
646269
646339
646479
646594
646819
646887
647006
647147
647280
647550
647561
647781
647823
647904
647950
648019
648099
648113
648654
649047
649206
649394
650417
650423
651149
651276
651532
651762
651814
652270
652294
652321
652379
652524
652718
652956
653218
653854
653921
654000
654182
654574
654847
654946
655342
656249
656284
656362
656370
656406
656509
656750
656807
656953
657196
657356
657412
658199
658799
658896
659502
660036
660187
660436
660718
660882
661298
661831
662049
662161
662452
662542
662907
663311
663375
663418
663931
664134
664239
664756
664765
665242
665570
665750
666260
666681
666757
667009
667127
667177
667318
668629
668895
668956
669161
669195
669517
669753
669926
670579
671072
671103
671489
671815
672240
672774
672953
672953
673033
673190
673513
673714
674012
675068
675258
675561
676135
676464
676930
677385
677448
677807
678540
678787
679018
679207
679229
679668
679919
680630
680860
680926
680941
681045
681052
681246
681291
681365
681655
681775
681812
681843
682176
682602
682880
682919
683254
683368
683754
684118
685122
685250
685443
685586
685603
686198
686846
686901
687489
687598
687870
688066
688634
688760
689011
689329
689412
689763
689912
689936
689985
690301
690390
690833
690897
691244
691383
691489
691687
691832
691920
692171
692356
692454
693336
693426
693678
694691
694762
694995
695322
695826
696330
696443
696485
696528
696736
697133
697358
698304
698312
698529
698731
698766
698938
699131
699401
700892
703418
704230
704900
705152
705318
705385
705741
705905
709876
710365
712422
717301
721493
722237
722902
730220
741423
745773
748197
770697
824779
70216
99455
131251
140544
140921
141144
141478
141586
141903
143793
144448
144731
145694
146088
147344
147687
148004
149917
152488
152749
153050
154064
155379
155452
155789
158502
159588
159617
161155
163506
164722
174362
174964
175146
176097
176726
177634
177772
177858
178511
179069
179275
179746
180015
180320
180782
181283
181447
183085
183635
186454
186918
187249
187922
188437
188519
189062
189076
189528
190340
190444
190527
190808
191193
192019
194156
194557
194732
196646
197282
197657
197797
197974
198430
199295
199846
199992
200051
201541
203573
205430
205935
220650
220883
220964
223023
224029
224371
225663
226250
226639
227778
229317
231545
233726
234730
235447
235556
235992
237541
237904
237912
238219
239471
240889
241822
244344
245311
245400
246824
246907
251423
252171
252898
253472
255671
257479
260992
266204
267189
268957
268964
269618
271107
272224
273698
274206
275434
275756
277160
277367
277527
277617
277764
278356
278419
280151
281198
284560
286157
286400
286609
287842
288935
289494
290414
292353
294133
294442
294794
296099
296532
298571
302773
302784
302899
303141
303811
304987
308674
321687
322127
324931
327233
329166
331386
332893
333777
333910
335860
336760
337453
338383
338762
339725
340094
341887
342045
342320
342441
343727
345478
345635
345759
346466
346743
347535
348400
348915
350190
350777
350876
352026
352616
354358
354984
355431
355894
357053
357251
357718
359227
359417
359754
360934
361532
362180
362962
363788
364781
366408
367923
368143
368632
368759
369099
369501
369593
370684
371836
371879
372139
372201
372339
372389
374505
374901
375348
375808
376723
377030
379882
380388
382829
385196
385731
387864
388292
388785
393824
393948
394716
399248
400545
402729
402949
403807
406169
407218
410478
412459
414317
419129
422955
428802
430444
444877
447171
448451
448694
450182
452641
452987
458790
458889
461166
461167
461891
462682
464872
465799
465815
465939
467457
467498
468686
469036
470027
470983
471713
472304
472527
472971
472983
473650
476035
476545
476755
476917
477962
478546
479415
480819
482500
482741
483040
483274
483335
484045
484068
484239
485219
485646
485853
486769
486934
487881
488085
490034
490476
490855
492172
492781
492913
494813
495507
497222
500766
503251
503665
509268
510511
511426
512072
515947
517473
525606
529873
529971
532348
532438
533200
537074
537839
538149
539122
539443
549769
550590
550964
551557
554607
557645
559469
559927
560222
561039
561651
562021
562442
563867
564081
564775
564801
565559
566663
567854
568086
568590
569803
572243
574996
580373
581614
583285
584304
586884
586915
588432
589064
589319
591134
591961
592237
592586
592622
592822
592953
593604
593970
594353
594721
595021
595214
595273
597082
597575
599367
599636
599926
600298
600351
600577
600799
600994
601140
601503
601745
602891
603384
603672
603890
604820
605165
606902
606955
607749
607870
608000
608306
608525
608701
608839
608980
610379
610612
610756
611286
611491
612291
612343
612710
614049
614514
614689
615019
616335
616948
617126
617891
618012
618849
620102
620481
620936
621222
621663
621743
622789
623275
623300
623315
623904
624061
625049
625227
625526
625592
625610
625815
625823
625898
626164
626303
626354
626725
626862
626932
626995
627218
627273
627483
627514
627788
628216
629056
629368
629488
629729
629828
629920
630201
630252
630736
630971
631184
631278
632179
632255
632314
632383
632472
632791
632814
633119
633544
634093
634542
634730
634902
635061
635123
635178
635608
635901
636178
636402
636409
636741
636804
636821
636873
637129
637696
637737
637764
637798
637834
637919
637983
638110
638388
638469
638576
638993
639097
639207
639319
639434
639446
639604
639927
639981
640007
640303
640547
640966
641005
641058
641134
641246
641380
641540
641946
641953
642008
642126
642176
642315
642428
642461
642779
643223
643509
643607
643737
644212
644398
644438
644770
645343
645633
646243
646269
646339
646479
646594
646819
646887
647006
647147
647280
647550
647561
647781
647823
647904
647950
648019
648099
648113
648654
649047
649206
649394
650417
650423
651149
651276
651532
651762
651814
652270
652294
652321
652379
652524
652718
652956
653218
653854
653921
654000
654182
654574
654847
654946
655342
656249
656284
656362
656370
656406
656509
656750
656807
656953
657196
657356
657412
658199
658799
658896
659502
660036
660187
660436
660718
660882
661298
661831
662049
662161
662452
662542
662907
663311
663375
663418
663931
664134
664239
664756
664765
665242
665570
665750
666260
666681
666757
667009
667127
667177
667318
668629
668895
668956
669161
669195
669517
669753
669926
670579
671072
671103
671489
671815
672240
672774
672953
672953
673033
673190
673513
673714
674012
675068
675258
675561
676135
676464
676930
677385
677448
677807
678540
678787
679018
679207
679229
679668
679919
680630
680860
680926
680941
681045
681052
681246
681291
681365
681655
681775
681812
681843
682176
682602
682880
682919
683254
683368
683754
684118
685122
685250
685443
685586
685603
686198
686846
686901
687489
687598
687870
688066
688634
688760
689011
689329
689412
689763
689912
689936
689985
690301
690390
690833
690897
691244
691383
691489
691687
691832
691920
692171
692356
692454
693336
693426
693678
694691
694762
694995
695322
695826
696330
696443
696485
696528
696736
697133
697358
698304
698312
698529
698731
698766
698938
699131
699401
700892
703418
704230
704900
705152
705318
705385
705741
705905
709876
710365
712422
717301
721493
722237
722902
730220
741423
745773
748197
770697
824779
70216
99455
131251
140544
140921
141144
141478
141586
141903
143793
144448
144731
145694
146088
147344
147687
148004
149917
152488
152749
153050
154064
155379
155452
155789
158502
159588
159617
161155
163506
164722
174362
174964
175146
176097
176726
177634
177772
177858
178511
179069
179275
179746
180015
180320
180782
181283
181447
183085
183635
186454
186918
187249
187922
188437
188519
189062
189076
189528
190340
190444
190527
190808
191193
192019
194156
194557
194732
196646
197282
197657
197797
197974
198430
199295
199846
199992
200051
201541
203573
205430
205935
220650
220883
220964
223023
224029
224371
225663
226250
226639
227778
229317
231545
233726
234730
235447
235556
235992
237541
237904
237912
238219
239471
240889
241822
244344
245311
245400
246824
246907
251423
252171
252898
253472
255671
257479
260992
266204
267189
268957
268964
269618
271107
272224
273698
274206
275434
275756
277160
277367
277527
277617
277764
278356
278419
280151
281198
284560
286157
286400
286609
287842
288935
289494
290414
292353
294133
294442
294794
296099
296532
298571
302773
302784
302899
303141
303811
304987
308674
321687
322127
324931
327233
329166
331386
332893
333777
333910
335860
336760
337453
338383
338762
339725
340094
341887
342045
342320
342441
343727
345478
345635
345759
346466
346743
347535
348400
348915
350190
350777
350876
352026
352616
354358
354984
355431
355894
357053
357251
357718
359227
359417
359754
360934
361532
362180
362962
363788
364781
366408
367923
368143
368632
368759
369099
369501
369593
370684
371836
371879
372139
372201
372339
372389
374505
374901
375348
375808
376723
377030
379882
380388
382829
385196
385731
387864
388292
388785
393824
393948
394716
399248
400545
402729
402949
403807
406169
407218
410478
412459
414317
419129
422955
428802
430444
444877
447171
448451
448694
450182
452641
452987
458790
458889
461166
461167
461891
462682
464872
465799
465815
465939
467457
467498
468686
469036
470027
470983
471713
472304
472527
472971
472983
473650
476035
476545
476755
476917
477962
478546
479415
480819
482500
482741
483040
483274
483335
484045
484068
484239
485219
485646
485853
486769
486934
487881
488085
490034
490476
490855
492172
492781
492913
494813
495507
497222
500766
503251
503665
509268
510511
511426
512072
515947
517473
525606
529873
529971
532348
532438
533200
537074
537839
538149
539122
539443
549769
550590
550964
551557
554607
557645
559469
559927
560222
561039
561651
562021
562442
563867
564081
564775
564801
565559
566663
567854
568086
568590
569803
572243
574996
580373
581614
583285
584304
586884
586915
588432
589064
589319
591134
591961
592237
592586
592622
592822
592953
593604
593970
594353
594721
595021
595214
595273
597082
597575
599367
599636
599926
600298
600351
600577
600799
600994
601140
601503
601745
602891
603384
603672
603890
604820
605165
606902
606955
607749
607870
608000
608306
608525
608701
608839
608980
610379
610612
610756
611286
611491
612291
612343
612710
614049
614514
614689
615019
616335
616948
617126
617891
618012
618849
620102
620481
620936
621222
621663
621743
622789
623275
623300
623315
623904
624061
625049
625227
625526
625592
625610
625815
625823
625898
626164
626303
626354
626725
626862
626932
626995
627218
627273
627483
627514
627788
628216
629056
629368
629488
629729
629828
629920
630201
630252
630736
630971
631184
631278
632179
632255
632314
632383
632472
632791
632814
633119
633544
634093
634542
634730
634902
635061
635123
635178
635608
635901
636178
636402
636409
636741
636804
636821
636873
637129
637696
637737
637764
637798
637834
637919
637983
638110
638388
638469
638576
638993
639097
639207
639319
639434
639446
639604
639927
639981
640007
640303
640547
640966
641005
641058
641134
641246
641380
641540
641946
641953
642008
642126
642176
642315
642428
642461
642779
643223
643509
643607
643737
644212
644398
644438
644770
645343
645633
646243
646269
646339
646479
646594
646819
646887
647006
647147
647280
647550
647561
647781
647823
647904
647950
648019
648099
648113
648654
649047
649206
649394
650417
650423
651149
651276
651532
651762
651814
652270
652294
652321
652379
652524
652718
652956
653218
653854
653921
654000
654182
654574
654847
654946
655342
656249
656284
656362
656370
656406
656509
656750
656807
656953
657196
657356
657412
658199
658799
658896
659502
660036
660187
660436
660718
660882
661298
661831
662049
662161
662452
662542
662907
663311
663375
663418
663931
664134
664239
664756
664765
665242
665570
665750
666260
666681
666757
667009
667127
667177
667318
668629
668895
668956
669161
669195
669517
669753
669926
670579
671072
671103
671489
671815
672240
672774
672953
672953
673033
673190
673513
673714
674012
675068
675258
675561
676135
676464
676930
677385
677448
677807
678540
678787
679018
679207
679229
679668
679919
680630
680860
680926
680941
681045
681052
681246
681291
681365
681655
681775
681812
681843
682176
682602
682880
682919
683254
683368
683754
684118
685122
685250
685443
685586
685603
686198
686846
686901
687489
687598
687870
688066
688634
688760
689011
689329
689412
689763
689912
689936
689985
690301
690390
690833
690897
691244
691383
691489
691687
691832
691920
692171
692356
692454
693336
693426
693678
694691
694762
694995
695322
695826
696330
696443
696485
696528
696736
697133
697358
698304
698312
698529
698731
698766
698938
699131
699401
700892
703418
704230
704900
705152
705318
705385
705741
705905
709876
710365
712422
717301
721493
722237
722902
730220
741423
745773
748197
770697
824779
70216
99455
131251
140544
140921
141144
141478
141586
141903
143793
144448
144731
145694
146088
147344
147687
148004
149917
152488
152749
153050
154064
155379
155452
155789
158502
159588
159617
161155
163506
164722
174362
174964
175146
176097
176726
177634
177772
177858
178511
179069
179275
179746
180015
180320
180782
181283
181447
183085
183635
186454
186918
187249
187922
188437
188519
189062
189076
189528
190340
190444
190527
190808
191193
192019
194156
194557
194732
196646
197282
197657
197797
197974
198430
199295
199846
199992
200051
201541
203573
205430
205935
220650
220883
220964
223023
224029
224371
225663
226250
226639
227778
229317
231545
233726
234730
235447
235556
235992
237541
237904
237912
238219
239471
240889
241822
244344
245311
245400
246824
246907
251423
252171
252898
253472
255671
257479
260992
266204
267189
268957
268964
269618
271107
272224
273698
274206
275434
275756
277160
277367
277527
277617
277764
278356
278419
280151
281198
284560
286157
286400
286609
287842
288935
289494
290414
292353
294133
294442
294794
296099
296532
298571
302773
302784
302899
303141
303811
304987
308674
321687
322127
324931
327233
329166
331386
332893
333777
333910
335860
336760
337453
338383
338762
339725
340094
341887
342045
342320
342441
343727
345478
345635
345759
346466
346743
347535
348400
348915
350190
350777
350876
352026
352616
354358
354984
355431
355894
357053
357251
357718
359227
359417
359754
360934
361532
362180
362962
363788
364781
366408
367923
368143
368632
368759
369099
369501
369593
370684
371836
371879
372139
372201
372339
372389
374505
374901
375348
375808
376723
377030
379882
380388
382829
385196
385731
387864
388292
388785
393824
393948
394716
399248
400545
402729
402949
403807
406169
407218
410478
412459
414317
419129
422955
428802
430444
444877
447171
448451
448694
450182
452641
452987
458790
458889
461166
461167
461891
462682
464872
465799
465815
465939
467457
467498
468686
469036
470027
470983
471713
472304
472527
472971
472983
473650
476035
476545
476755
476917
477962
478546
479415
480819
482500
482741
483040
483274
483335
484045
484068
484239
485219
485646
485853
486769
486934
487881
488085
490034
490476
490855
492172
492781
492913
494813
495507
497222
500766
503251
503665
509268
510511
511426
512072
515947
517473
525606
529873
529971
532348
532438
533200
537074
537839
538149
539122
539443
549769
550590
550964
551557
554607
557645
559469
559927
560222
561039
561651
562021
562442
563867
564081
564775
564801
565559
566663
567854
568086
568590
569803
572243
574996
580373
581614
583285
584304
586884
586915
588432
589064
589319
591134
591961
592237
592586
592622
592822
592953
593604
593970
594353
594721
595021
595214
595273
597082
597575
599367
599636
599926
600298
600351
600577
600799
600994
601140
601503
601745
602891
603384
603672
603890
604820
605165
606902
606955
607749
607870
608000
608306
608525
608701
608839
608980
610379
610612
610756
611286
611491
612291
612343
612710
614049
614514
614689
615019
616335
616948
617126
617891
618012
618849
620102
620481
620936
621222
621663
621743
622789
623275
623300
623315
623904
624061
625049
625227
625526
625592
625610
625815
625823
625898
626164
626303
626354
626725
626862
626932
626995
627218
627273
627483
627514
627788
628216
629056
629368
629488
629729
629828
629920
630201
630252
630736
630971
631184
631278
632179
632255
632314
632383
632472
632791
632814
633119
633544
634093
634542
634730
634902
635061
635123
635178
635608
635901
636178
636402
636409
636741
636804
636821
636873
637129
637696
637737
637764
637798
637834
637919
637983
638110
638388
638469
638576
638993
639097
639207
639319
639434
639446
639604
639927
639981
640007
640303
640547
640966
641005
641058
641134
641246
641380
641540
641946
641953
642008
642126
642176
642315
642428
642461
642779
643223
643509
643607
643737
644212
644398
644438
644770
645343
645633
646243
646269
646339
646479
646594
646819
646887
647006
647147
647280
647550
647561
647781
647823
647904
647950
648019
648099
648113
648654
649047
649206
649394
650417
650423
651149
651276
651532
651762
651814
652270
652294
652321
652379
652524
652718
652956
653218
653854
653921
654000
654182
654574
654847
654946
655342
656249
656284
656362
656370
656406
656509
656750
656807
656953
657196
657356
657412
658199
658799
658896
659502
660036
660187
660436
660718
660882
661298
661831
662049
662161
662452
662542
662907
663311
663375
663418
663931
664134
664239
664756
664765
665242
665570
665750
666260
666681
666757
667009
667127
667177
667318
668629
668895
668956
669161
669195
669517
669753
669926
670579
671072
671103
671489
671815
672240
672774
672953
672953
673033
673190
673513
673714
674012
675068
675258
675561
676135
676464
676930
677385
677448
677807
678540
678787
679018
679207
679229
679668
679919
680630
680860
680926
680941
681045
681052
681246
681291
681365
681655
681775
681812
681843
682176
682602
682880
682919
683254
683368
683754
684118
685122
685250
685443
685586
685603
686198
686846
686901
687489
687598
687870
688066
688634
688760
689011
689329
689412
689763
689912
689936
689985
690301
690390
690833
690897
691244
691383
691489
691687
691832
691920
692171
692356
692454
693336
693426
693678
694691
694762
694995
695322
695826
696330
696443
696485
696528
696736
697133
697358
698304
698312
698529
698731
698766
698938
699131
699401
700892
703418
704230
704900
705152
705318
705385
705741
705905
709876
710365
712422
717301
721493
722237
722902
730220
741423
745773
748197
770697
824779
70216
99455
131251
140544
140921
141144
141478
141586
141903
143793
144448
144731
145694
146088
147344
147687
148004
149917
152488
152749
153050
154064
155379
155452
155789
158502
159588
159617
161155
163506
164722
174362
174964
175146
176097
176726
177634
177772
177858
178511
179069
179275
179746
180015
180320
180782
181283
181447
183085
183635
186454
186918
187249
187922
188437
188519
189062
189076
189528
190340
190444
190527
190808
191193
192019
194156
194557
194732
196646
197282
197657
197797
197974
198430
199295
199846
199992
200051
201541
203573
205430
205935
220650
220883
220964
223023
224029
224371
225663
226250
226639
227778
229317
231545
233726
234730
235447
235556
235992
237541
237904
237912
238219
239471
240889
241822
244344
245311
245400
246824
246907
251423
252171
252898
253472
255671
257479
260992
266204
267189
268957
268964
269618
271107
272224
273698
274206
275434
275756
277160
277367
277527
277617
277764
278356
278419
280151
281198
284560
286157
286400
286609
287842
288935
289494
290414
292353
294133
294442
294794
296099
296532
298571
302773
302784
302899
303141
303811
304987
308674
321687
322127
324931
327233
329166
331386
332893
333777
333910
335860
336760
337453
338383
338762
339725
340094
341887
342045
342320
342441
343727
345478
345635
345759
346466
346743
347535
348400
348915
350190
350777
350876
352026
352616
354358
354984
355431
355894
357053
357251
357718
359227
359417
359754
360934
361532
362180
362962
363788
364781
366408
367923
368143
368632
368759
369099
369501
369593
370684
371836
371879
372139
372201
372339
372389
374505
374901
375348
375808
376723
377030
379882
380388
382829
385196
385731
387864
388292
388785
393824
393948
394716
399248
400545
402729
402949
403807
406169
407218
410478
412459
414317
419129
422955
428802
430444
444877
447171
448451
448694
450182
452641
452987
458790
458889
461166
461167
461891
462682
464872
465799
465815
465939
467457
467498
468686
469036
470027
470983
471713
472304
472527
472971
472983
473650
476035
476545
476755
476917
477962
478546
479415
480819
482500
482741
483040
483274
483335
484045
484068
484239
485219
485646
485853
486769
486934
487881
488085
490034
490476
490855
492172
492781
492913
494813
495507
497222
500766
503251
503665
509268
510511
511426
512072
515947
517473
525606
529873
529971
532348
532438
533200
537074
537839
538149
539122
539443
549769
550590
550964
551557
554607
557645
559469
559927
560222
561039
561651
562021
562442
563867
564081
564775
564801
565559
566663
567854
568086
568590
569803
572243
574996
580373
581614
583285
584304
586884
586915
588432
589064
589319
591134
591961
592237
592586
592622
592822
592953
593604
593970
594353
594721
595021
595214
595273
597082
597575
599367
599636
599926
600298
600351
600577
600799
600994
601140
601503
601745
602891
603384
603672
603890
604820
605165
606902
606955
607749
607870
608000
608306
608525
608701
608839
608980
610379
610612
610756
611286
611491
612291
612343
612710
614049
614514
614689
615019
616335
616948
617126
617891
618012
618849
620102
620481
620936
621222
621663
621743
622789
623275
623300
623315
623904
624061
625049
625227
625526
625592
625610
625815
625823
625898
626164
626303
626354
626725
626862
626932
626995
627218
627273
627483
627514
627788
628216
629056
629368
629488
629729
629828
629920
630201
630252
630736
630971
631184
631278
632179
632255
632314
632383
632472
632791
632814
633119
633544
634093
634542
634730
634902
635061
635123
635178
635608
635901
636178
636402
636409
636741
636804
636821
636873
637129
637696
637737
637764
637798
637834
637919
637983
638110
638388
638469
638576
638993
639097
639207
639319
639434
639446
639604
639927
639981
640007
640303
640547
640966
641005
641058
641134
641246
641380
641540
641946
641953
642008
642126
642176
642315
642428
642461
642779
643223
643509
643607
643737
644212
644398
644438
644770
645343
645633
646243
646269
646339
646479
646594
646819
646887
647006
647147
647280
647550
647561
647781
647823
647904
647950
648019
648099
648113
648654
649047
649206
649394
650417
650423
651149
651276
651532
651762
651814
652270
652294
652321
652379
652524
652718
652956
653218
653854
653921
654000
654182
654574
654847
654946
655342
656249
656284
656362
656370
656406
656509
656750
656807
656953
657196
657356
657412
658199
658799
658896
659502
660036
660187
660436
660718
660882
661298
661831
662049
662161
662452
662542
662907
663311
663375
663418
663931
664134
664239
664756
664765
665242
665570
665750
666260
666681
666757
667009
667127
667177
667318
668629
668895
668956
669161
669195
669517
669753
669926
670579
671072
671103
671489
671815
672240
672774
672953
672953
673033
673190
673513
673714
674012
675068
675258
675561
676135
676464
676930
677385
677448
677807
678540
678787
679018
679207
679229
679668
679919
680630
680860
680926
680941
681045
681052
681246
681291
681365
681655
681775
681812
681843
682176
682602
682880
682919
683254
683368
683754
684118
685122
685250
685443
685586
685603
686198
686846
686901
687489
687598
687870
688066
688634
688760
689011
689329
689412
689763
689912
689936
689985
690301
690390
690833
690897
691244
691383
691489
691687
691832
691920
692171
692356
692454
693336
693426
693678
694691
694762
694995
695322
695826
696330
696443
696485
696528
696736
697133
697358
698304
698312
698529
698731
698766
698938
699131
699401
700892
703418
704230
704900
705152
705318
705385
705741
705905
709876
710365
712422
717301
721493
722237
722902
730220
741423
745773
748197
770697
824779
70216
99455
131251
140544
140921
141144
141478
141586
141903
143793
144448
144731
145694
146088
147344
147687
148004
149917
152488
152749
153050
154064
155379
155452
155789
158502
159588
159617
161155
163506
164722
174362
174964
175146
176097
176726
177634
177772
177858
178511
179069
179275
179746
180015
180320
180782
181283
181447
183085
183635
186454
186918
187249
187922
188437
188519
189062
189076
189528
190340
190444
190527
190808
191193
192019
194156
194557
194732
196646
197282
197657
197797
197974
198430
199295
199846
199992
200051
201541
203573
205430
205935
220650
220883
220964
223023
224029
224371
225663
226250
226639
227778
229317
231545
233726
234730
235447
235556
235992
237541
237904
237912
238219
239471
240889
241822
244344
245311
245400
246824
246907
251423
252171
252898
253472
255671
257479
260992
266204
267189
268957
268964
269618
271107
272224
273698
274206
275434
275756
277160
277367
277527
277617
277764
278356
278419
280151
281198
284560
286157
286400
286609
287842
288935
289494
290414
292353
294133
294442
294794
296099
296532
298571
302773
302784
302899
303141
303811
304987
308674
321687
322127
324931
327233
329166
331386
332893
333777
333910
335860
336760
337453
338383
338762
339725
340094
341887
342045
342320
342441
343727
345478
345635
345759
346466
346743
347535
348400
348915
350190
350777
350876
352026
352616
354358
354984
355431
355894
357053
357251
357718
359227
359417
359754
360934
361532
362180
362962
363788
364781
366408
367923
368143
368632
368759
369099
369501
369593
370684
371836
371879
372139
372201
372339
372389
374505
374901
375348
375808
376723
377030
379882
380388
382829
385196
385731
387864
388292
388785
393824
393948
394716
399248
400545
402729
402949
403807
406169
407218
410478
412459
414317
419129
422955
428802
430444
444877
447171
448451
448694
450182
452641
452987
458790
458889
461166
461167
461891
462682
464872
465799
465815
465939
467457
467498
468686
469036
470027
470983
471713
472304
472527
472971
472983
473650
476035
476545
476755
476917
477962
478546
479415
480819
482500
482741
483040
483274
483335
484045
484068
484239
485219
485646
485853
486769
486934
487881
488085
490034
490476
490855
492172
492781
492913
494813
495507
497222
500766
503251
503665
509268
510511
511426
512072
515947
517473
525606
529873
529971
532348
532438
533200
537074
537839
538149
539122
539443
549769
550590
550964
551557
554607
557645
559469
559927
560222
561039
561651
562021
562442
563867
564081
564775
564801
565559
566663
567854
568086
568590
569803
572243
574996
580373
581614
583285
584304
586884
586915
588432
589064
589319
591134
591961
592237
592586
592622
592822
592953
593604
593970
594353
594721
595021
595214
595273
597082
597575
599367
599636
599926
600298
600351
600577
600799
600994
601140
601503
601745
602891
603384
603672
603890
604820
605165
606902
606955
607749
607870
608000
608306
608525
608701
608839
608980
610379
610612
610756
611286
611491
612291
612343
612710
614049
614514
614689
615019
616335
616948
617126
617891
618012
618849
620102
620481
620936
621222
621663
621743
622789
623275
623300
623315
623904
624061
625049
625227
625526
625592
625610
625815
625823
625898
626164
626303
626354
626725
626862
626932
626995
627218
627273
627483
627514
627788
628216
629056
629368
629488
629729
629828
629920
630201
630252
630736
630971
631184
631278
632179
632255
632314
632383
632472
632791
632814
633119
633544
634093
634542
634730
634902
635061
635123
635178
635608
635901
636178
636402
636409
636741
636804
636821
636873
637129
637696
637737
637764
637798
637834
637919
637983
638110
638388
638469
638576
638993
639097
639207
639319
639434
639446
639604
639927
639981
640007
640303
640547
640966
641005
641058
641134
641246
641380
641540
641946
641953
642008
642126
642176
642315
642428
642461
642779
643223
643509
643607
643737
644212
644398
644438
644770
645343
645633
646243
646269
646339
646479
646594
646819
646887
647006
647147
647280
647550
647561
647781
647823
647904
647950
648019
648099
648113
648654
649047
649206
649394
650417
650423
651149
651276
651532
651762
651814
652270
652294
652321
652379
652524
652718
652956
653218
653854
653921
654000
654182
654574
654847
654946
655342
656249
656284
656362
656370
656406
656509
656750
656807
656953
657196
657356
657412
658199
658799
658896
659502
660036
660187
660436
660718
660882
661298
661831
662049
662161
662452
662542
662907
663311
663375
663418
663931
664134
664239
664756
664765
665242
665570
665750
666260
666681
666757
667009
667127
667177
667318
668629
668895
668956
669161
669195
669517
669753
669926
670579
671072
671103
671489
671815
672240
672774
672953
672953
673033
673190
673513
673714
674012
675068
675258
675561
676135
676464
676930
677385
677448
677807
678540
678787
679018
679207
679229
679668
679919
680630
680860
680926
680941
681045
681052
681246
681291
681365
681655
681775
681812
681843
682176
682602
682880
682919
683254
683368
683754
684118
685122
685250
685443
685586
685603
686198
686846
686901
687489
687598
687870
688066
688634
688760
689011
689329
689412
689763
689912
689936
689985
690301
690390
690833
690897
691244
691383
691489
691687
691832
691920
692171
692356
692454
693336
693426
693678
694691
694762
694995
695322
695826
696330
696443
696485
696528
696736
697133
697358
698304
698312
698529
698731
698766
698938
699131
699401
700892
703418
704230
704900
705152
705318
705385
705741
705905
709876
710365
712422
717301
721493
722237
722902
730220
741423
745773
748197
770697
824779
