148502
154047
189920
194173
195059
196119
197258
199138
205762
206330
214849
216834
219546
223112
225901
226827
226961
228896
230805
231663
232055
233902
237916
238759
238935
239820
240047
240791
241337
241974
243017
247501
248365
249716
249935
255128
255665
255722
255802
258422
258778
259182
259757
262928
263999
264285
264869
266308
267276
267637
269504
273396
274167
275469
276871
277741
280771
281180
281388
282222
282263
282432
282940
283693
283892
287010
288016
289166
291243
294078
294229
294622
295489
295612
298084
299158
300516
304210
307075
316683
319022
319273
323841
325664
326667
327498
329171
332334
333680
338930
339310
340387
343425
343692
344160
345536
346318
346545
350066
354099
355358
355956
356909
357587
357713
357805
360402
360541
362270
362335
363053
363689
365603
365618
366559
369376
369549
369862
369879
371765
373002
374516
375882
376497
377247
378082
380857
381035
381052
381989
383328
383343
384415
386567
388046
388705
389050
389527
390615
390761
391037
391612
392817
395810
396650
400242
400468
404031
405924
407580
420983
426769
427380
428577
429575
430411
434108
434146
435056
435499
438209
438624
440262
440293
440428
442016
446792
447554
447559
448945
451182
452625
452948
481835
482022
489327
489582
489966
495121
496858
498598
499172
503105
513267
513735
521145
523887
526226
526671
528962
531241
538951
545306
547255
548277
549861
551335
552115
552268
560298
561491
561866
563716
564675
564941
565276
566953
569434
571843
572197
579030
583094
583711
585842
586085
587024
588214
591554
592920
593615
593793
596000
598574
600551
601635
603093
603202
604058
604160
604374
604575
605069
605221
605515
606396
606851
607068
607125
608061
608297
608819
609168
610037
610133
610742
611086
611176
611246
612097
612301
613617
614132
614175
614348
615039
615205
615325
616016
616327
616728
616799
617010
617543
617766
617832
618319
618616
618804
618820
619044
619065
619284
619997
621366
622037
622387
622675
622958
623003
623308
623391
624214
624766
624979
624992
625010
625037
625423
625531
625606
625662
625763
626299
626326
626477
626733
627226
627745
627788
627848
628017
628288
628570
628592
628853
628918
629051
629495
629512
629552
629692
630693
631293
631727
631799
632162
632316
632429
633185
633243
633585
633969
634312
634342
634378
634481
634575
634670
634951
634958
635072
635523
635675
635746
635991
636290
636358
636693
636934
637181
637287
637598
637657
638327
638331
638351
638449
638815
638994
639232
639238
639324
639558
639646
639821
640025
640159
640476
640532
640556
640893
641068
641136
641298
641435
641598
641746
642023
642227
642449
642533
642582
642595
643078
643394
643564
643837
644124
644172
644175
644641
644860
645208
645329
645430
645475
645529
645561
645636
645719
645734
645827
645935
646076
646455
647337
647640
647683
648181
648397
648486
648702
648783
649448
649546
649722
649868
650036
650181
650205
650842
650983
651268
651491
651564
651718
651992
652025
652196
652288
652651
653151
653173
653515
653610
653635
653636
653654
653956
654020
654094
654655
654703
654788
654923
654981
655359
655371
655498
655854
655940
656230
657217
657268
657569
657777
658179
658259
658281
658483
658532
658752
658796
658914
659003
659084
659121
659379
659592
659609
659637
659642
659690
660086
660564
660619
661724
662116
662194
662285
662472
662518
662989
663225
663643
663822
664183
664190
664191
664282
664393
664536
664664
664987
664994
665563
665940
666273
666329
666353
666369
666411
666855
666929
666988
667145
667206
667314
667479
667666
667829
667868
667885
667915
667938
668152
668498
668531
668719
668810
669035
669222
669682
669926
669933
669996
670130
670785
670804
670825
671303
671333
671597
672312
672423
672558
673257
673381
673482
673709
673982
674123
674128
674213
674853
674981
674985
675109
675454
675558
675579
675733
675762
675973
675982
676270
676283
677497
677722
677781
678174
678270
678643
678672
678812
679001
679048
679847
680141
680201
680298
680355
681100
681369
681468
681606
681798
681805
682062
682265
682341
682703
683072
683945
684087
684251
685386
686387
686527
686777
686811
687822
687853
688664
689306
689710
689744
689758
690242
691047
691557
691586
692061
692070
692316
692458
692880
693163
693275
693509
693558
693647
695000
695592
695621
696255
696901
697689
697710
698334
698427
698622
698657
698772
698794
700228
700656
701528
701676
702134
702393
702465
703381
703405
703612
703677
704317
704338
705164
706872
707212
707449
708056
708432
708611
709070
709113
709259
709808
710080
711034
711180
711333
711888
712399
712402
712884
712904
713186
713410
713453
715523
716541
716652
716900
717173
717594
718109
719022
719886
720737
720993
723796
725770
729004
729411
732558
735300
735447
735507
737178
739344
740845
742898
743122
743149
750101
750499
752666
753752
754076
754113
776956
785188
785614
786635
787132
791002
796306
148502
154047
189920
194173
195059
196119
197258
199138
205762
206330
214849
216834
219546
223112
225901
226827
226961
228896
230805
231663
232055
233902
237916
238759
238935
239820
240047
240791
241337
241974
243017
247501
248365
249716
249935
255128
255665
255722
255802
258422
258778
259182
259757
262928
263999
264285
264869
266308
267276
267637
269504
273396
274167
275469
276871
277741
280771
281180
281388
282222
282263
282432
282940
283693
283892
287010
288016
289166
291243
294078
294229
294622
295489
295612
298084
299158
300516
304210
307075
316683
319022
319273
323841
325664
326667
327498
329171
332334
333680
338930
339310
340387
343425
343692
344160
345536
346318
346545
350066
354099
355358
355956
356909
357587
357713
357805
360402
360541
362270
362335
363053
363689
365603
365618
366559
369376
369549
369862
369879
371765
373002
374516
375882
376497
377247
378082
380857
381035
381052
381989
383328
383343
384415
386567
388046
388705
389050
389527
390615
390761
391037
391612
392817
395810
396650
400242
400468
404031
405924
407580
420983
426769
427380
428577
429575
430411
434108
434146
435056
435499
438209
438624
440262
440293
440428
442016
446792
447554
447559
448945
451182
452625
452948
481835
482022
489327
489582
489966
495121
496858
498598
499172
503105
513267
513735
521145
523887
526226
526671
528962
531241
538951
545306
547255
548277
549861
551335
552115
552268
560298
561491
561866
563716
564675
564941
565276
566953
569434
571843
572197
579030
583094
583711
585842
586085
587024
588214
591554
592920
593615
593793
596000
598574
600551
601635
603093
603202
604058
604160
604374
604575
605069
605221
605515
606396
606851
607068
607125
608061
608297
608819
609168
610037
610133
610742
611086
611176
611246
612097
612301
613617
614132
614175
614348
615039
615205
615325
616016
616327
616728
616799
617010
617543
617766
617832
618319
618616
618804
618820
619044
619065
619284
619997
621366
622037
622387
622675
622958
623003
623308
623391
624214
624766
624979
624992
625010
625037
625423
625531
625606
625662
625763
626299
626326
626477
626733
627226
627745
627788
627848
628017
628288
628570
628592
628853
628918
629051
629495
629512
629552
629692
630693
631293
631727
631799
632162
632316
632429
633185
633243
633585
633969
634312
634342
634378
634481
634575
634670
634951
634958
635072
635523
635675
635746
635991
636290
636358
636693
636934
637181
637287
637598
637657
638327
638331
638351
638449
638815
638994
639232
639238
639324
639558
639646
639821
640025
640159
640476
640532
640556
640893
641068
641136
641298
641435
641598
641746
642023
642227
642449
642533
642582
642595
643078
643394
643564
643837
644124
644172
644175
644641
644860
645208
645329
645430
645475
645529
645561
645636
645719
645734
645827
645935
646076
646455
647337
647640
647683
648181
648397
648486
648702
648783
649448
649546
649722
649868
650036
650181
650205
650842
650983
651268
651491
651564
651718
651992
652025
652196
652288
652651
653151
653173
653515
653610
653635
653636
653654
653956
654020
654094
654655
654703
654788
654923
654981
655359
655371
655498
655854
655940
656230
657217
657268
657569
657777
658179
658259
658281
658483
658532
658752
658796
658914
659003
659084
659121
659379
659592
659609
659637
659642
659690
660086
660564
660619
661724
662116
662194
662285
662472
662518
662989
663225
663643
663822
664183
664190
664191
664282
664393
664536
664664
664987
664994
665563
665940
666273
666329
666353
666369
666411
666855
666929
666988
667145
667206
667314
667479
667666
667829
667868
667885
667915
667938
668152
668498
668531
668719
668810
669035
669222
669682
669926
669933
669996
670130
670785
670804
670825
671303
671333
671597
672312
672423
672558
673257
673381
673482
673709
673982
674123
674128
674213
674853
674981
674985
675109
675454
675558
675579
675733
675762
675973
675982
676270
676283
677497
677722
677781
678174
678270
678643
678672
678812
679001
679048
679847
680141
680201
680298
680355
681100
681369
681468
681606
681798
681805
682062
682265
682341
682703
683072
683945
684087
684251
685386
686387
686527
686777
686811
687822
687853
688664
689306
689710
689744
689758
690242
691047
691557
691586
692061
692070
692316
692458
692880
693163
693275
693509
693558
693647
695000
695592
695621
696255
696901
697689
697710
698334
698427
698622
698657
698772
698794
700228
700656
701528
701676
702134
702393
702465
703381
703405
703612
703677
704317
704338
705164
706872
707212
707449
708056
708432
708611
709070
709113
709259
709808
710080
711034
711180
711333
711888
712399
712402
712884
712904
713186
713410
713453
715523
716541
716652
716900
717173
717594
718109
719022
719886
720737
720993
723796
725770
729004
729411
732558
735300
735447
735507
737178
739344
740845
742898
743122
743149
750101
750499
752666
753752
754076
754113
776956
785188
785614
786635
787132
791002
796306
148502
154047
189920
194173
195059
196119
197258
199138
205762
206330
214849
216834
219546
223112
225901
226827
226961
228896
230805
231663
232055
233902
237916
238759
238935
239820
240047
240791
241337
241974
243017
247501
248365
249716
249935
255128
255665
255722
255802
258422
258778
259182
259757
262928
263999
264285
264869
266308
267276
267637
269504
273396
274167
275469
276871
277741
280771
281180
281388
282222
282263
282432
282940
283693
283892
287010
288016
289166
291243
294078
294229
294622
295489
295612
298084
299158
300516
304210
307075
316683
319022
319273
323841
325664
326667
327498
329171
332334
333680
338930
339310
340387
343425
343692
344160
345536
346318
346545
350066
354099
355358
355956
356909
357587
357713
357805
360402
360541
362270
362335
363053
363689
365603
365618
366559
369376
369549
369862
369879
371765
373002
374516
375882
376497
377247
378082
380857
381035
381052
381989
383328
383343
384415
386567
388046
388705
389050
389527
390615
390761
391037
391612
392817
395810
396650
400242
400468
404031
405924
407580
420983
426769
427380
428577
429575
430411
434108
434146
435056
435499
438209
438624
440262
440293
440428
442016
446792
447554
447559
448945
451182
452625
452948
481835
482022
489327
489582
489966
495121
496858
498598
499172
503105
513267
513735
521145
523887
526226
526671
528962
531241
538951
545306
547255
548277
549861
551335
552115
552268
560298
561491
561866
563716
564675
564941
565276
566953
569434
571843
572197
579030
583094
583711
585842
586085
587024
588214
591554
592920
593615
593793
596000
598574
600551
601635
603093
603202
604058
604160
604374
604575
605069
605221
605515
606396
606851
607068
607125
608061
608297
608819
609168
610037
610133
610742
611086
611176
611246
612097
612301
613617
614132
614175
614348
615039
615205
615325
616016
616327
616728
616799
617010
617543
617766
617832
618319
618616
618804
618820
619044
619065
619284
619997
621366
622037
622387
622675
622958
623003
623308
623391
624214
624766
624979
624992
625010
625037
625423
625531
625606
625662
625763
626299
626326
626477
626733
627226
627745
627788
627848
628017
628288
628570
628592
628853
628918
629051
629495
629512
629552
629692
630693
631293
631727
631799
632162
632316
632429
633185
633243
633585
633969
634312
634342
634378
634481
634575
634670
634951
634958
635072
635523
635675
635746
635991
636290
636358
636693
636934
637181
637287
637598
637657
638327
638331
638351
638449
638815
638994
639232
639238
639324
639558
639646
639821
640025
640159
640476
640532
640556
640893
641068
641136
641298
641435
641598
641746
642023
642227
642449
642533
642582
642595
643078
643394
643564
643837
644124
644172
644175
644641
644860
645208
645329
645430
645475
645529
645561
645636
645719
645734
645827
645935
646076
646455
647337
647640
647683
648181
648397
648486
648702
648783
649448
649546
649722
649868
650036
650181
650205
650842
650983
651268
651491
651564
651718
651992
652025
652196
652288
652651
653151
653173
653515
653610
653635
653636
653654
653956
654020
654094
654655
654703
654788
654923
654981
655359
655371
655498
655854
655940
656230
657217
657268
657569
657777
658179
658259
658281
658483
658532
658752
658796
658914
659003
659084
659121
659379
659592
659609
659637
659642
659690
660086
660564
660619
661724
662116
662194
662285
662472
662518
662989
663225
663643
663822
664183
664190
664191
664282
664393
664536
664664
664987
664994
665563
665940
666273
666329
666353
666369
666411
666855
666929
666988
667145
667206
667314
667479
667666
667829
667868
667885
667915
667938
668152
668498
668531
668719
668810
669035
669222
669682
669926
669933
669996
670130
670785
670804
670825
671303
671333
671597
672312
672423
672558
673257
673381
673482
673709
673982
674123
674128
674213
674853
674981
674985
675109
675454
675558
675579
675733
675762
675973
675982
676270
676283
677497
677722
677781
678174
678270
678643
678672
678812
679001
679048
679847
680141
680201
680298
680355
681100
681369
681468
681606
681798
681805
682062
682265
682341
682703
683072
683945
684087
684251
685386
686387
686527
686777
686811
687822
687853
688664
689306
689710
689744
689758
690242
691047
691557
691586
692061
692070
692316
692458
692880
693163
693275
693509
693558
693647
695000
695592
695621
696255
696901
697689
697710
698334
698427
698622
698657
698772
698794
700228
700656
701528
701676
702134
702393
702465
703381
703405
703612
703677
704317
704338
705164
706872
707212
707449
708056
708432
708611
709070
709113
709259
709808
710080
711034
711180
711333
711888
712399
712402
712884
712904
713186
713410
713453
715523
716541
716652
716900
717173
717594
718109
719022
719886
720737
720993
723796
725770
729004
729411
732558
735300
735447
735507
737178
739344
740845
742898
743122
743149
750101
750499
752666
753752
754076
754113
776956
785188
785614
786635
787132
791002
796306
148502
154047
189920
194173
195059
196119
197258
199138
205762
206330
214849
216834
219546
223112
225901
226827
226961
228896
230805
231663
232055
233902
237916
238759
238935
239820
240047
240791
241337
241974
243017
247501
248365
249716
249935
255128
255665
255722
255802
258422
258778
259182
259757
262928
263999
264285
264869
266308
267276
267637
269504
273396
274167
275469
276871
277741
280771
281180
281388
282222
282263
282432
282940
283693
283892
287010
288016
289166
291243
294078
294229
294622
295489
295612
298084
299158
300516
304210
307075
316683
319022
319273
323841
325664
326667
327498
329171
332334
333680
338930
339310
340387
343425
343692
344160
345536
346318
346545
350066
354099
355358
355956
356909
357587
357713
357805
360402
360541
362270
362335
363053
363689
365603
365618
366559
369376
369549
369862
369879
371765
373002
374516
375882
376497
377247
378082
380857
381035
381052
381989
383328
383343
384415
386567
388046
388705
389050
389527
390615
390761
391037
391612
392817
395810
396650
400242
400468
404031
405924
407580
420983
426769
427380
428577
429575
430411
434108
434146
435056
435499
438209
438624
440262
440293
440428
442016
446792
447554
447559
448945
451182
452625
452948
481835
482022
489327
489582
489966
495121
496858
498598
499172
503105
513267
513735
521145
523887
526226
526671
528962
531241
538951
545306
547255
548277
549861
551335
552115
552268
560298
561491
561866
563716
564675
564941
565276
566953
569434
571843
572197
579030
583094
583711
585842
586085
587024
588214
591554
592920
593615
593793
596000
598574
600551
601635
603093
603202
604058
604160
604374
604575
605069
605221
605515
606396
606851
607068
607125
608061
608297
608819
609168
610037
610133
610742
611086
611176
611246
612097
612301
613617
614132
614175
614348
615039
615205
615325
616016
616327
616728
616799
617010
617543
617766
617832
618319
618616
618804
618820
619044
619065
619284
619997
621366
622037
622387
622675
622958
623003
623308
623391
624214
624766
624979
624992
625010
625037
625423
625531
625606
625662
625763
626299
626326
626477
626733
627226
627745
627788
627848
628017
628288
628570
628592
628853
628918
629051
629495
629512
629552
629692
630693
631293
631727
631799
632162
632316
632429
633185
633243
633585
633969
634312
634342
634378
634481
634575
634670
634951
634958
635072
635523
635675
635746
635991
636290
636358
636693
636934
637181
637287
637598
637657
638327
638331
638351
638449
638815
638994
639232
639238
639324
639558
639646
639821
640025
640159
640476
640532
640556
640893
641068
641136
641298
641435
641598
641746
642023
642227
642449
642533
642582
642595
643078
643394
643564
643837
644124
644172
644175
644641
644860
645208
645329
645430
645475
645529
645561
645636
645719
645734
645827
645935
646076
646455
647337
647640
647683
648181
648397
648486
648702
648783
649448
649546
649722
649868
650036
650181
650205
650842
650983
651268
651491
651564
651718
651992
652025
652196
652288
652651
653151
653173
653515
653610
653635
653636
653654
653956
654020
654094
654655
654703
654788
654923
654981
655359
655371
655498
655854
655940
656230
657217
657268
657569
657777
658179
658259
658281
658483
658532
658752
658796
658914
659003
659084
659121
659379
659592
659609
659637
659642
659690
660086
660564
660619
661724
662116
662194
662285
662472
662518
662989
663225
663643
663822
664183
664190
664191
664282
664393
664536
664664
664987
664994
665563
665940
666273
666329
666353
666369
666411
666855
666929
666988
667145
667206
667314
667479
667666
667829
667868
667885
667915
667938
668152
668498
668531
668719
668810
669035
669222
669682
669926
669933
669996
670130
670785
670804
670825
671303
671333
671597
672312
672423
672558
673257
673381
673482
673709
673982
674123
674128
674213
674853
674981
674985
675109
675454
675558
675579
675733
675762
675973
675982
676270
676283
677497
677722
677781
678174
678270
678643
678672
678812
679001
679048
679847
680141
680201
680298
680355
681100
681369
681468
681606
681798
681805
682062
682265
682341
682703
683072
683945
684087
684251
685386
686387
686527
686777
686811
687822
687853
688664
689306
689710
689744
689758
690242
691047
691557
691586
692061
692070
692316
692458
692880
693163
693275
693509
693558
693647
695000
695592
695621
696255
696901
697689
697710
698334
698427
698622
698657
698772
698794
700228
700656
701528
701676
702134
702393
702465
703381
703405
703612
703677
704317
704338
705164
706872
707212
707449
708056
708432
708611
709070
709113
709259
709808
710080
711034
711180
711333
711888
712399
712402
712884
712904
713186
713410
713453
715523
716541
716652
716900
717173
717594
718109
719022
719886
720737
720993
723796
725770
729004
729411
732558
735300
735447
735507
737178
739344
740845
742898
743122
743149
750101
750499
752666
753752
754076
754113
776956
785188
785614
786635
787132
791002
796306
148502
154047
189920
194173
195059
196119
197258
199138
205762
206330
214849
216834
219546
223112
225901
226827
226961
228896
230805
231663
232055
233902
237916
238759
238935
239820
240047
240791
241337
241974
243017
247501
248365
249716
249935
255128
255665
255722
255802
258422
258778
259182
259757
262928
263999
264285
264869
266308
267276
267637
269504
273396
274167
275469
276871
277741
280771
281180
281388
282222
282263
282432
282940
283693
283892
287010
288016
289166
291243
294078
294229
294622
295489
295612
298084
299158
300516
304210
307075
316683
319022
319273
323841
325664
326667
327498
329171
332334
333680
338930
339310
340387
343425
343692
344160
345536
346318
346545
350066
354099
355358
355956
356909
357587
357713
357805
360402
360541
362270
362335
363053
363689
365603
365618
366559
369376
369549
369862
369879
371765
373002
374516
375882
376497
377247
378082
380857
381035
381052
381989
383328
383343
384415
386567
388046
388705
389050
389527
390615
390761
391037
391612
392817
395810
396650
400242
400468
404031
405924
407580
420983
426769
427380
428577
429575
430411
434108
434146
435056
435499
438209
438624
440262
440293
440428
442016
446792
447554
447559
448945
451182
452625
452948
481835
482022
489327
489582
489966
495121
496858
498598
499172
503105
513267
513735
521145
523887
526226
526671
528962
531241
538951
545306
547255
548277
549861
551335
552115
552268
560298
561491
561866
563716
564675
564941
565276
566953
569434
571843
572197
579030
583094
583711
585842
586085
587024
588214
591554
592920
593615
593793
596000
598574
600551
601635
603093
603202
604058
604160
604374
604575
605069
605221
605515
606396
606851
607068
607125
608061
608297
608819
609168
610037
610133
610742
611086
611176
611246
612097
612301
613617
614132
614175
614348
615039
615205
615325
616016
616327
616728
616799
617010
617543
617766
617832
618319
618616
618804
618820
619044
619065
619284
619997
621366
622037
622387
622675
622958
623003
623308
623391
624214
624766
624979
624992
625010
625037
625423
625531
625606
625662
625763
626299
626326
626477
626733
627226
627745
627788
627848
628017
628288
628570
628592
628853
628918
629051
629495
629512
629552
629692
630693
631293
631727
631799
632162
632316
632429
633185
633243
633585
633969
634312
634342
634378
634481
634575
634670
634951
634958
635072
635523
635675
635746
635991
636290
636358
636693
636934
637181
637287
637598
637657
638327
638331
638351
638449
638815
638994
639232
639238
639324
639558
639646
639821
640025
640159
640476
640532
640556
640893
641068
641136
641298
641435
641598
641746
642023
642227
642449
642533
642582
642595
643078
643394
643564
643837
644124
644172
644175
644641
644860
645208
645329
645430
645475
645529
645561
645636
645719
645734
645827
645935
646076
646455
647337
647640
647683
648181
648397
648486
648702
648783
649448
649546
649722
649868
650036
650181
650205
650842
650983
651268
651491
651564
651718
651992
652025
652196
652288
652651
653151
653173
653515
653610
653635
653636
653654
653956
654020
654094
654655
654703
654788
654923
654981
655359
655371
655498
655854
655940
656230
657217
657268
657569
657777
658179
658259
658281
658483
658532
658752
658796
658914
659003
659084
659121
659379
659592
659609
659637
659642
659690
660086
660564
660619
661724
662116
662194
662285
662472
662518
662989
663225
663643
663822
664183
664190
664191
664282
664393
664536
664664
664987
664994
665563
665940
666273
666329
666353
666369
666411
666855
666929
666988
667145
667206
667314
667479
667666
667829
667868
667885
667915
667938
668152
668498
668531
668719
668810
669035
669222
669682
669926
669933
669996
670130
670785
670804
670825
671303
671333
671597
672312
672423
672558
673257
673381
673482
673709
673982
674123
674128
674213
674853
674981
674985
675109
675454
675558
675579
675733
675762
675973
675982
676270
676283
677497
677722
677781
678174
678270
678643
678672
678812
679001
679048
679847
680141
680201
680298
680355
681100
681369
681468
681606
681798
681805
682062
682265
682341
682703
683072
683945
684087
684251
685386
686387
686527
686777
686811
687822
687853
688664
689306
689710
689744
689758
690242
691047
691557
691586
692061
692070
692316
692458
692880
693163
693275
693509
693558
693647
695000
695592
695621
696255
696901
697689
697710
698334
698427
698622
698657
698772
698794
700228
700656
701528
701676
702134
702393
702465
703381
703405
703612
703677
704317
704338
705164
706872
707212
707449
708056
708432
708611
709070
709113
709259
709808
710080
711034
711180
711333
711888
712399
712402
712884
712904
713186
713410
713453
715523
716541
716652
716900
717173
717594
718109
719022
719886
720737
720993
723796
725770
729004
729411
732558
735300
735447
735507
737178
739344
740845
742898
743122
743149
750101
750499
752666
753752
754076
754113
776956
785188
785614
786635
787132
791002
796306
148502
154047
189920
194173
195059
196119
197258
199138
205762
206330
214849
216834
219546
223112
225901
226827
226961
228896
230805
231663
232055
233902
237916
238759
238935
239820
240047
240791
241337
241974
243017
247501
248365
249716
249935
255128
255665
255722
255802
258422
258778
259182
259757
262928
263999
264285
264869
266308
267276
267637
269504
273396
274167
275469
276871
277741
280771
281180
281388
282222
282263
282432
282940
283693
283892
287010
288016
289166
291243
294078
294229
294622
295489
295612
298084
299158
300516
304210
307075
316683
319022
319273
323841
325664
326667
327498
329171
332334
333680
338930
339310
340387
343425
343692
344160
345536
346318
346545
350066
354099
355358
355956
356909
357587
357713
357805
360402
360541
362270
362335
363053
363689
365603
365618
366559
369376
369549
369862
369879
371765
373002
374516
375882
376497
377247
378082
380857
381035
381052
381989
383328
383343
384415
386567
388046
388705
389050
389527
390615
390761
391037
391612
392817
395810
396650
400242
400468
404031
405924
407580
420983
426769
427380
428577
429575
430411
434108
434146
435056
435499
438209
438624
440262
440293
440428
442016
446792
447554
447559
448945
451182
452625
452948
481835
482022
489327
489582
489966
495121
496858
498598
499172
503105
513267
513735
521145
523887
526226
526671
528962
531241
538951
545306
547255
548277
549861
551335
552115
552268
560298
561491
561866
563716
564675
564941
565276
566953
569434
571843
572197
579030
583094
583711
585842
586085
587024
588214
591554
592920
593615
593793
596000
598574
600551
601635
603093
603202
604058
604160
604374
604575
605069
605221
605515
606396
606851
607068
607125
608061
608297
608819
609168
610037
610133
610742
611086
611176
611246
612097
612301
613617
614132
614175
614348
615039
615205
615325
616016
616327
616728
616799
617010
617543
617766
617832
618319
618616
618804
618820
619044
619065
619284
619997
621366
622037
622387
622675
622958
623003
623308
623391
624214
624766
624979
624992
625010
625037
625423
625531
625606
625662
625763
626299
626326
626477
626733
627226
627745
627788
627848
628017
628288
628570
628592
628853
628918
629051
629495
629512
629552
629692
630693
631293
631727
631799
632162
632316
632429
633185
633243
633585
633969
634312
634342
634378
634481
634575
634670
634951
634958
635072
635523
635675
635746
635991
636290
636358
636693
636934
637181
637287
637598
637657
638327
638331
638351
638449
638815
638994
639232
639238
639324
639558
639646
639821
640025
640159
640476
640532
640556
640893
641068
641136
641298
641435
641598
641746
642023
642227
642449
642533
642582
642595
643078
643394
643564
643837
644124
644172
644175
644641
644860
645208
645329
645430
645475
645529
645561
645636
645719
645734
645827
645935
646076
646455
647337
647640
647683
648181
648397
648486
648702
648783
649448
649546
649722
649868
650036
650181
650205
650842
650983
651268
651491
651564
651718
651992
652025
652196
652288
652651
653151
653173
653515
653610
653635
653636
653654
653956
654020
654094
654655
654703
654788
654923
654981
655359
655371
655498
655854
655940
656230
657217
657268
657569
657777
658179
658259
658281
658483
658532
658752
658796
658914
659003
659084
659121
659379
659592
659609
659637
659642
659690
660086
660564
660619
661724
662116
662194
662285
662472
662518
662989
663225
663643
663822
664183
664190
664191
664282
664393
664536
664664
664987
664994
665563
665940
666273
666329
666353
666369
666411
666855
666929
666988
667145
667206
667314
667479
667666
667829
667868
667885
667915
667938
668152
668498
668531
668719
668810
669035
669222
669682
669926
669933
669996
670130
670785
670804
670825
671303
671333
671597
672312
672423
672558
673257
673381
673482
673709
673982
674123
674128
674213
674853
674981
674985
675109
675454
675558
675579
675733
675762
675973
675982
676270
676283
677497
677722
677781
678174
678270
678643
678672
678812
679001
679048
679847
680141
680201
680298
680355
681100
681369
681468
681606
681798
681805
682062
682265
682341
682703
683072
683945
684087
684251
685386
686387
686527
686777
686811
687822
687853
688664
689306
689710
689744
689758
690242
691047
691557
691586
692061
692070
692316
692458
692880
693163
693275
693509
693558
693647
695000
695592
695621
696255
696901
697689
697710
698334
698427
698622
698657
698772
698794
700228
700656
701528
701676
702134
702393
702465
703381
703405
703612
703677
704317
704338
705164
706872
707212
707449
708056
708432
708611
709070
709113
709259
709808
710080
711034
711180
711333
711888
712399
712402
712884
712904
713186
713410
713453
715523
716541
716652
716900
717173
717594
718109
719022
719886
720737
720993
723796
725770
729004
729411
732558
735300
735447
735507
737178
739344
740845
742898
743122
743149
750101
750499
752666
753752
754076
754113
776956
785188
785614
786635
787132
791002
796306
148502
154047
189920
194173
195059
196119
197258
199138
205762
206330
214849
216834
219546
223112
225901
226827
226961
228896
230805
231663
232055
233902
237916
238759
238935
239820
240047
240791
241337
241974
243017
247501
248365
249716
249935
255128
255665
255722
255802
258422
258778
259182
259757
262928
263999
264285
264869
266308
267276
267637
269504
273396
274167
275469
276871
277741
280771
281180
281388
282222
282263
282432
282940
283693
283892
287010
288016
289166
291243
294078
294229
294622
295489
295612
298084
299158
300516
304210
307075
316683
319022
319273
323841
325664
326667
327498
329171
332334
333680
338930
339310
340387
343425
343692
344160
345536
346318
346545
350066
354099
355358
355956
356909
357587
357713
357805
360402
360541
362270
362335
363053
363689
365603
365618
366559
369376
369549
369862
369879
371765
373002
374516
375882
376497
377247
378082
380857
381035
381052
381989
383328
383343
384415
386567
388046
388705
389050
389527
390615
390761
391037
391612
392817
395810
396650
400242
400468
404031
405924
407580
420983
426769
427380
428577
429575
430411
434108
434146
435056
435499
438209
438624
440262
440293
440428
442016
446792
447554
447559
448945
451182
452625
452948
481835
482022
489327
489582
489966
495121
496858
498598
499172
503105
513267
513735
521145
523887
526226
526671
528962
531241
538951
545306
547255
548277
549861
551335
552115
552268
560298
561491
561866
563716
564675
564941
565276
566953
569434
571843
572197
579030
583094
583711
585842
586085
587024
588214
591554
592920
593615
593793
596000
598574
600551
601635
603093
603202
604058
604160
604374
604575
605069
605221
605515
606396
606851
607068
607125
608061
608297
608819
609168
610037
610133
610742
611086
611176
611246
612097
612301
613617
614132
614175
614348
615039
615205
615325
616016
616327
616728
616799
617010
617543
617766
617832
618319
618616
618804
618820
619044
619065
619284
619997
621366
622037
622387
622675
622958
623003
623308
623391
624214
624766
624979
624992
625010
625037
625423
625531
625606
625662
625763
626299
626326
626477
626733
627226
627745
627788
627848
628017
628288
628570
628592
628853
628918
629051
629495
629512
629552
629692
630693
631293
631727
631799
632162
632316
632429
633185
633243
633585
633969
634312
634342
634378
634481
634575
634670
634951
634958
635072
635523
635675
635746
635991
636290
636358
636693
636934
637181
637287
637598
637657
638327
638331
638351
638449
638815
638994
639232
639238
639324
639558
639646
639821
640025
640159
640476
640532
640556
640893
641068
641136
641298
641435
641598
641746
642023
642227
642449
642533
642582
642595
643078
643394
643564
643837
644124
644172
644175
644641
644860
645208
645329
645430
645475
645529
645561
645636
645719
645734
645827
645935
646076
646455
647337
647640
647683
648181
648397
648486
648702
648783
649448
649546
649722
649868
650036
650181
650205
650842
650983
651268
651491
651564
651718
651992
652025
652196
652288
652651
653151
653173
653515
653610
653635
653636
653654
653956
654020
654094
654655
654703
654788
654923
654981
655359
655371
655498
655854
655940
656230
657217
657268
657569
657777
658179
658259
658281
658483
658532
658752
658796
658914
659003
659084
659121
659379
659592
659609
659637
659642
659690
660086
660564
660619
661724
662116
662194
662285
662472
662518
662989
663225
663643
663822
664183
664190
664191
664282
664393
664536
664664
664987
664994
665563
665940
666273
666329
666353
666369
666411
666855
666929
666988
667145
667206
667314
667479
667666
667829
667868
667885
667915
667938
668152
668498
668531
668719
668810
669035
669222
669682
669926
669933
669996
670130
670785
670804
670825
671303
671333
671597
672312
672423
672558
673257
673381
673482
673709
673982
674123
674128
674213
674853
674981
674985
675109
675454
675558
675579
675733
675762
675973
675982
676270
676283
677497
677722
677781
678174
678270
678643
678672
678812
679001
679048
679847
680141
680201
680298
680355
681100
681369
681468
681606
681798
681805
682062
682265
682341
682703
683072
683945
684087
684251
685386
686387
686527
686777
686811
687822
687853
688664
689306
689710
689744
689758
690242
691047
691557
691586
692061
692070
692316
692458
692880
693163
693275
693509
693558
693647
695000
695592
695621
696255
696901
697689
697710
698334
698427
698622
698657
698772
698794
700228
700656
701528
701676
702134
702393
702465
703381
703405
703612
703677
704317
704338
705164
706872
707212
707449
708056
708432
708611
709070
709113
709259
709808
710080
711034
711180
711333
711888
712399
712402
712884
712904
713186
713410
713453
715523
716541
716652
716900
717173
717594
718109
719022
719886
720737
720993
723796
725770
729004
729411
732558
735300
735447
735507
737178
739344
740845
742898
743122
743149
750101
750499
752666
753752
754076
754113
776956
785188
785614
786635
787132
791002
796306
148502
154047
189920
194173
195059
196119
197258
199138
205762
206330
214849
216834
219546
223112
225901
226827
226961
228896
230805
231663
232055
233902
237916
238759
238935
239820
240047
240791
241337
241974
243017
247501
248365
249716
249935
255128
255665
255722
255802
258422
258778
259182
259757
262928
263999
264285
264869
266308
267276
267637
269504
273396
274167
275469
276871
277741
280771
281180
281388
282222
282263
282432
282940
283693
283892
287010
288016
289166
291243
294078
294229
294622
295489
295612
298084
299158
300516
304210
307075
316683
319022
319273
323841
325664
326667
327498
329171
332334
333680
338930
339310
340387
343425
343692
344160
345536
346318
346545
350066
354099
355358
355956
356909
357587
357713
357805
360402
360541
362270
362335
363053
363689
365603
365618
366559
369376
369549
369862
369879
371765
373002
374516
375882
376497
377247
378082
380857
381035
381052
381989
383328
383343
384415
386567
388046
388705
389050
389527
390615
390761
391037
391612
392817
395810
396650
400242
400468
404031
405924
407580
420983
426769
427380
428577
429575
430411
434108
434146
435056
435499
438209
438624
440262
440293
440428
442016
446792
447554
447559
448945
451182
452625
452948
481835
482022
489327
489582
489966
495121
496858
498598
499172
503105
513267
513735
521145
523887
526226
526671
528962
531241
538951
545306
547255
548277
549861
551335
552115
552268
560298
561491
561866
563716
564675
564941
565276
566953
569434
571843
572197
579030
583094
583711
585842
586085
587024
588214
591554
592920
593615
593793
596000
598574
600551
601635
603093
603202
604058
604160
604374
604575
605069
605221
605515
606396
606851
607068
607125
608061
608297
608819
609168
610037
610133
610742
611086
611176
611246
612097
612301
613617
614132
614175
614348
615039
615205
615325
616016
616327
616728
616799
617010
617543
617766
617832
618319
618616
618804
618820
619044
619065
619284
619997
621366
622037
622387
622675
622958
623003
623308
623391
624214
624766
624979
624992
625010
625037
625423
625531
625606
625662
625763
626299
626326
626477
626733
627226
627745
627788
627848
628017
628288
628570
628592
628853
628918
629051
629495
629512
629552
629692
630693
631293
631727
631799
632162
632316
632429
633185
633243
633585
633969
634312
634342
634378
634481
634575
634670
634951
634958
635072
635523
635675
635746
635991
636290
636358
636693
636934
637181
637287
637598
637657
638327
638331
638351
638449
638815
638994
639232
639238
639324
639558
639646
639821
640025
640159
640476
640532
640556
640893
641068
641136
641298
641435
641598
641746
642023
642227
642449
642533
642582
642595
643078
643394
643564
643837
644124
644172
644175
644641
644860
645208
645329
645430
645475
645529
645561
645636
645719
645734
645827
645935
646076
646455
647337
647640
647683
648181
648397
648486
648702
648783
649448
649546
649722
649868
650036
650181
650205
650842
650983
651268
651491
651564
651718
651992
652025
652196
652288
652651
653151
653173
653515
653610
653635
653636
653654
653956
654020
654094
654655
654703
654788
654923
654981
655359
655371
655498
655854
655940
656230
657217
657268
657569
657777
658179
658259
658281
658483
658532
658752
658796
658914
659003
659084
659121
659379
659592
659609
659637
659642
659690
660086
660564
660619
661724
662116
662194
662285
662472
662518
662989
663225
663643
663822
664183
664190
664191
664282
664393
664536
664664
664987
664994
665563
665940
666273
666329
666353
666369
666411
666855
666929
666988
667145
667206
667314
667479
667666
667829
667868
667885
667915
667938
668152
668498
668531
668719
668810
669035
669222
669682
669926
669933
669996
670130
670785
670804
670825
671303
671333
671597
672312
672423
672558
673257
673381
673482
673709
673982
674123
674128
674213
674853
674981
674985
675109
675454
675558
675579
675733
675762
675973
675982
676270
676283
677497
677722
677781
678174
678270
678643
678672
678812
679001
679048
679847
680141
680201
680298
680355
681100
681369
681468
681606
681798
681805
682062
682265
682341
682703
683072
683945
684087
684251
685386
686387
686527
686777
686811
687822
687853
688664
689306
689710
689744
689758
690242
691047
691557
691586
692061
692070
692316
692458
692880
693163
693275
693509
693558
693647
695000
695592
695621
696255
696901
697689
697710
698334
698427
698622
698657
698772
698794
700228
700656
701528
701676
702134
702393
702465
703381
703405
703612
703677
704317
704338
705164
706872
707212
707449
708056
708432
708611
709070
709113
709259
709808
710080
711034
711180
711333
711888
712399
712402
712884
712904
713186
713410
713453
715523
716541
716652
716900
717173
717594
718109
719022
719886
720737
720993
723796
725770
729004
729411
732558
735300
735447
735507
737178
739344
740845
742898
743122
743149
750101
750499
752666
753752
754076
754113
776956
785188
785614
786635
787132
791002
796306
148502
154047
189920
194173
195059
196119
197258
199138
205762
206330
214849
216834
219546
223112
225901
226827
226961
228896
230805
231663
232055
233902
237916
238759
238935
239820
240047
240791
241337
241974
243017
247501
248365
249716
249935
255128
255665
255722
255802
258422
258778
259182
259757
262928
263999
264285
264869
266308
267276
267637
269504
273396
274167
275469
276871
277741
280771
281180
281388
282222
282263
282432
282940
283693
283892
287010
288016
289166
291243
294078
294229
294622
295489
295612
298084
299158
300516
304210
307075
316683
319022
319273
323841
325664
326667
327498
329171
332334
333680
338930
339310
340387
343425
343692
344160
345536
346318
346545
350066
354099
355358
355956
356909
357587
357713
357805
360402
360541
362270
362335
363053
363689
365603
365618
366559
369376
369549
369862
369879
371765
373002
374516
375882
376497
377247
378082
380857
381035
381052
381989
383328
383343
384415
386567
388046
388705
389050
389527
390615
390761
391037
391612
392817
395810
396650
400242
400468
404031
405924
407580
420983
426769
427380
428577
429575
430411
434108
434146
435056
435499
438209
438624
440262
440293
440428
442016
446792
447554
447559
448945
451182
452625
452948
481835
482022
489327
489582
489966
495121
496858
498598
499172
503105
513267
513735
521145
523887
526226
526671
528962
531241
538951
545306
547255
548277
549861
551335
552115
552268
560298
561491
561866
563716
564675
564941
565276
566953
569434
571843
572197
579030
583094
583711
585842
586085
587024
588214
591554
592920
593615
593793
596000
598574
600551
601635
603093
603202
604058
604160
604374
604575
605069
605221
605515
606396
606851
607068
607125
608061
608297
608819
609168
610037
610133
610742
611086
611176
611246
612097
612301
613617
614132
614175
614348
615039
615205
615325
616016
616327
616728
616799
617010
617543
617766
617832
618319
618616
618804
618820
619044
619065
619284
619997
621366
622037
622387
622675
622958
623003
623308
623391
624214
624766
624979
624992
625010
625037
625423
625531
625606
625662
625763
626299
626326
626477
626733
627226
627745
627788
627848
628017
628288
628570
628592
628853
628918
629051
629495
629512
629552
629692
630693
631293
631727
631799
632162
632316
632429
633185
633243
633585
633969
634312
634342
634378
634481
634575
634670
634951
634958
635072
635523
635675
635746
635991
636290
636358
636693
636934
637181
637287
637598
637657
638327
638331
638351
638449
638815
638994
639232
639238
639324
639558
639646
639821
640025
640159
640476
640532
640556
640893
641068
641136
641298
641435
641598
641746
642023
642227
642449
642533
642582
642595
643078
643394
643564
643837
644124
644172
644175
644641
644860
645208
645329
645430
645475
645529
645561
645636
645719
645734
645827
645935
646076
646455
647337
647640
647683
648181
648397
648486
648702
648783
649448
649546
649722
649868
650036
650181
650205
650842
650983
651268
651491
651564
651718
651992
652025
652196
652288
652651
653151
653173
653515
653610
653635
653636
653654
653956
654020
654094
654655
654703
654788
654923
654981
655359
655371
655498
655854
655940
656230
657217
657268
657569
657777
658179
658259
658281
658483
658532
658752
658796
658914
659003
659084
659121
659379
659592
659609
659637
659642
659690
660086
660564
660619
661724
662116
662194
662285
662472
662518
662989
663225
663643
663822
664183
664190
664191
664282
664393
664536
664664
664987
664994
665563
665940
666273
666329
666353
666369
666411
666855
666929
666988
667145
667206
667314
667479
667666
667829
667868
667885
667915
667938
668152
668498
668531
668719
668810
669035
669222
669682
669926
669933
669996
670130
670785
670804
670825
671303
671333
671597
672312
672423
672558
673257
673381
673482
673709
673982
674123
674128
674213
674853
674981
674985
675109
675454
675558
675579
675733
675762
675973
675982
676270
676283
677497
677722
677781
678174
678270
678643
678672
678812
679001
679048
679847
680141
680201
680298
680355
681100
681369
681468
681606
681798
681805
682062
682265
682341
682703
683072
683945
684087
684251
685386
686387
686527
686777
686811
687822
687853
688664
689306
689710
689744
689758
690242
691047
691557
691586
692061
692070
692316
692458
692880
693163
693275
693509
693558
693647
695000
695592
695621
696255
696901
697689
697710
698334
698427
698622
698657
698772
698794
700228
700656
701528
701676
702134
702393
702465
703381
703405
703612
703677
704317
704338
705164
706872
707212
707449
708056
708432
708611
709070
709113
709259
709808
710080
711034
711180
711333
711888
712399
712402
712884
712904
713186
713410
713453
715523
716541
716652
716900
717173
717594
718109
719022
719886
720737
720993
723796
725770
729004
729411
732558
735300
735447
735507
737178
739344
740845
742898
743122
743149
750101
750499
752666
753752
754076
754113
776956
785188
785614
786635
787132
791002
796306
148502
154047
189920
194173
195059
196119
197258
199138
205762
206330
214849
216834
219546
223112
225901
226827
226961
228896
230805
231663
232055
233902
237916
238759
238935
239820
240047
240791
241337
241974
243017
247501
248365
249716
249935
255128
255665
255722
255802
258422
258778
259182
259757
262928
263999
264285
264869
266308
267276
267637
269504
273396
274167
275469
276871
277741
280771
281180
281388
282222
282263
282432
282940
283693
283892
287010
288016
289166
291243
294078
294229
294622
295489
295612
298084
299158
300516
304210
307075
316683
319022
319273
323841
325664
326667
327498
329171
332334
333680
338930
339310
340387
343425
343692
344160
345536
346318
346545
350066
354099
355358
355956
356909
357587
357713
357805
360402
360541
362270
362335
363053
363689
365603
365618
366559
369376
369549
369862
369879
371765
373002
374516
375882
376497
377247
378082
380857
381035
381052
381989
383328
383343
384415
386567
388046
388705
389050
389527
390615
390761
391037
391612
392817
395810
396650
400242
400468
404031
405924
407580
420983
426769
427380
428577
429575
430411
434108
434146
435056
435499
438209
438624
440262
440293
440428
442016
446792
447554
447559
448945
451182
452625
452948
481835
482022
489327
489582
489966
495121
496858
498598
499172
503105
513267
513735
521145
523887
526226
526671
528962
531241
538951
545306
547255
548277
549861
551335
552115
552268
560298
561491
561866
563716
564675
564941
565276
566953
569434
571843
572197
579030
583094
583711
585842
586085
587024
588214
591554
592920
593615
593793
596000
598574
600551
601635
603093
603202
604058
604160
604374
604575
605069
605221
605515
606396
606851
607068
607125
608061
608297
608819
609168
610037
610133
610742
611086
611176
611246
612097
612301
613617
614132
614175
614348
615039
615205
615325
616016
616327
616728
616799
617010
617543
617766
617832
618319
618616
618804
618820
619044
619065
619284
619997
621366
622037
622387
622675
622958
623003
623308
623391
624214
624766
624979
624992
625010
625037
625423
625531
625606
625662
625763
626299
626326
626477
626733
627226
627745
627788
627848
628017
628288
628570
628592
628853
628918
629051
629495
629512
629552
629692
630693
631293
631727
631799
632162
632316
632429
633185
633243
633585
633969
634312
634342
634378
634481
634575
634670
634951
634958
635072
635523
635675
635746
635991
636290
636358
636693
636934
637181
637287
637598
637657
638327
638331
638351
638449
638815
638994
639232
639238
639324
639558
639646
639821
640025
640159
640476
640532
640556
640893
641068
641136
641298
641435
641598
641746
642023
642227
642449
642533
642582
642595
643078
643394
643564
643837
644124
644172
644175
644641
644860
645208
645329
645430
645475
645529
645561
645636
645719
645734
645827
645935
646076
646455
647337
647640
647683
648181
648397
648486
648702
648783
649448
649546
649722
649868
650036
650181
650205
650842
650983
651268
651491
651564
651718
651992
652025
652196
652288
652651
653151
653173
653515
653610
653635
653636
653654
653956
654020
654094
654655
654703
654788
654923
654981
655359
655371
655498
655854
655940
656230
657217
657268
657569
657777
658179
658259
658281
658483
658532
658752
658796
658914
659003
659084
659121
659379
659592
659609
659637
659642
659690
660086
660564
660619
661724
662116
662194
662285
662472
662518
662989
663225
663643
663822
664183
664190
664191
664282
664393
664536
664664
664987
664994
665563
665940
666273
666329
666353
666369
666411
666855
666929
666988
667145
667206
667314
667479
667666
667829
667868
667885
667915
667938
668152
668498
668531
668719
668810
669035
669222
669682
669926
669933
669996
670130
670785
670804
670825
671303
671333
671597
672312
672423
672558
673257
673381
673482
673709
673982
674123
674128
674213
674853
674981
674985
675109
675454
675558
675579
675733
675762
675973
675982
676270
676283
677497
677722
677781
678174
678270
678643
678672
678812
679001
679048
679847
680141
680201
680298
680355
681100
681369
681468
681606
681798
681805
682062
682265
682341
682703
683072
683945
684087
684251
685386
686387
686527
686777
686811
687822
687853
688664
689306
689710
689744
689758
690242
691047
691557
691586
692061
692070
692316
692458
692880
693163
693275
693509
693558
693647
695000
695592
695621
696255
696901
697689
697710
698334
698427
698622
698657
698772
698794
700228
700656
701528
701676
702134
702393
702465
703381
703405
703612
703677
704317
704338
705164
706872
707212
707449
708056
708432
708611
709070
709113
709259
709808
710080
711034
711180
711333
711888
712399
712402
712884
712904
713186
713410
713453
715523
716541
716652
716900
717173
717594
718109
719022
719886
720737
720993
723796
725770
729004
729411
732558
735300
735447
735507
737178
739344
740845
742898
743122
743149
750101
750499
752666
753752
754076
754113
776956
785188
785614
786635
787132
791002
796306
