22743
23282
24361
24499
29326
29489
30649
30973
31632
31896
32289
32441
33361
33979
34000
34110
34124
34304
36116
36281
36557
36765
36789
36967
37287
37581
38405
38562
38657
38974
40067
40125
40451
40906
41020
41373
41834
42007
42193
43047
43372
43535
43937
43952
44431
44634
45047
45175
45426
45485
45633
45749
45919
45988
46015
46359
46628
46681
46832
47014
47929
48126
48132
48134
48233
48388
48501
48641
48943
49225
49373
49497
49499
49596
49711
49914
50152
50187
50512
50515
51051
51248
51279
51606
51609
51659
51716
51867
51939
52045
52277
52379
52738
52786
52899
52966
53005
53056
53437
53602
53683
53920
53921
54202
54381
54548
54598
54906
55294
55330
55335
55464
56122
56557
56586
56587
56709
56874
56914
56953
57058
57300
57419
57543
57737
57789
57830
57863
57883
57965
58233
58271
58430
58639
58665
58713
58763
59001
59051
59193
59333
59526
59634
59709
59772
59919
60135
60498
61125
61139
61238
61295
61486
61697
61722
61753
62028
62173
62479
62557
62705
62755
63348
63352
63720
63738
63822
63839
63907
63922
63938
63950
64183
64275
64286
65118
65244
65471
65518
65843
66032
66148
66168
66241
66300
66446
66450
66507
66644
66747
66753
66971
66994
67187
67338
67451
67468
67565
67666
67703
67790
67911
67951
68113
68258
68521
68554
68570
68631
68663
68701
68843
68910
68914
68973
68984
68989
69205
69449
69823
69901
70059
70339
70421
70566
70627
70698
70912
71269
71381
71607
71694
72359
72628
72630
72639
72676
72706
72941
73367
73447
73798
73800
73858
73868
73973
74126
74148
74207
74285
74591
74712
74858
75208
75245
75430
75472
75552
75612
75842
75919
75958
76152
76311
76393
76398
76654
76687
76851
76858
76925
76961
77075
77500
77559
77586
77614
77854
77958
77963
78056
78352
78363
78506
78510
78558
78744
78766
78982
79010
79054
79497
79528
79533
79687
80442
80662
80718
80930
81102
81164
81515
81543
81554
81559
82094
82207
82348
82578
82914
83327
83455
83881
84525
84762
85074
85117
85704
85984
86135
86875
87242
87260
87497
88023
88051
88411
88509
89265
89329
89904
89925
90006
90375
90659
90953
91024
91141
91241
91756
91823
91861
91963
92259
92451
92776
93004
93107
93187
93271
93397
93474
93811
93976
93994
94071
94440
94463
94591
94636
94686
94811
94827
94880
95072
95163
95351
95963
95983
96776
97095
97554
97800
98145
98426
98946
99303
99352
100120
100334
100353
100364
100437
100550
100555
101032
101653
101775
101848
102180
102180
102654
102719
103723
103730
104718
104795
105074
105915
106429
106706
108088
109885
110042
110217
110289
110321
110387
110574
110842
111094
111280
111680
111815
111950
113090
113201
113389
113769
114138
114417
115117
115388
115585
116239
116723
117415
117495
119542
119830
119879
120059
120825
123300
124559
124859
125097
125311
125451
130751
130889
133165
133216
134057
135645
136002
136108
136446
136786
137217
137805
138174
138947
138996
139010
139467
139670
140320
140780
141132
141871
142819
142989
143098
143552
143823
144966
145157
145583
145891
146710
147421
147533
147915
148067
149042
149053
150033
150085
150295
150446
150454
150481
150724
150726
151238
152997
153884
154202
154441
154597
154855
154927
155113
156581
156606
157346
157956
158965
159258
159418
159420
160017
161492
161713
161952
161963
162257
162478
163697
164698
164893
166053
166162
166789
167374
167454
168909
170644
171459
173337
173418
175816
176824
177340
177584
178328
179208
181160
181237
183241
183670
184452
186664
187051
187491
191555
191678
192382
192761
192787
197653
198261
198350
199358
200420
201358
201667
205516
206074
207571
208182
208255
208302
209375
209554
213974
214146
214287
217622
218668
219278
220593
223059
223201
223922
224162
225015
226040
226138
226201
227833
228152
229183
230628
232208
233352
233705
234996
235143
236350
236750
237161
237188
237656
238119
238555
239005
241246
241985
242916
244339
244573
245023
245223
245675
249517
249680
250681
250779
252044
254631
256062
256657
257426
257555
258880
260934
261532
261889
262253
262273
262732
263118
267527
267579
267717
268651
270672
271027
271883
271998
273088
273658
273825
274012
275611
276022
277343
278156
278252
278979
279793
280011
280238
280253
280286
281430
282480
283932
284206
284221
284324
285315
285630
286758
286865
287055
287293
288426
288933
289211
289574
289755
289866
290228
290879
291265
291799
292593
292797
293162
293409
293945
293969
294323
295277
295401
296069
296596
298133
298321
299015
299485
300306
301462
301480
301596
301692
301906
301933
302110
302615
303365
303804
304531
305874
306844
307236
307610
308165
308221
309693
309882
310029
310342
310685
310725
310932
311992
312338
313026
313234
314608
314718
316504
316648
318151
318971
320676
322297
324518
325154
326461
327314
327615
327661
327913
327913
328082
328426
329842
331481
333301
334207
335121
337503
337958
337979
339652
341866
342077
342973
343272
344651
345771
347430
347756
350345
350539
351031
351852
352298
352619
353238
354368
354471
357584
358247
358509
360102
360322
360899
361850
362011
363256
363991
366167
366392
366504
366945
367387
367413
368965
369665
369803
370320
370445
371138
371366
372142
372245
372479
374949
375356
375760
376623
376774
377622
377800
378932
379583
380029
380425
381164
382433
382540
383239
384181
384432
384759
385899
386028
386030
386059
387096
387631
387691
387694
388933
390007
390221
390573
392320
392656
393171
393383
393510
394122
394244
394590
395413
396461
396737
399728
401184
401260
401309
401550
401877
401937
402497
402537
402573
402648
402945
403026
403156
403220
403417
403763
404361
404437
405708
405790
406413
406679
407546
409251
409687
409701
410049
410066
410389
410523
410586
412110
412181
412286
413351
414145
415669
416931
417049
417308
417319
417635
418708
418936
418961
419274
419658
419718
419750
420563
421225
421260
421353
421457
421831
423056
424271
425620
426251
428039
428149
428295
428358
428441
428516
428835
429151
429786
429962
430505
430658
430675
431824
432232
432502
432517
432851
433562
433604
433779
434723
434849
435273
435521
435536
436280
436511
437123
437216
437467
437517
438342
438906
439371
439464
440054
440310
441045
441997
442331
442939
443073
443203
443562
443961
444226
444514
444873
445113
445664
446341
446584
447301
447371
447648
448508
448587
448669
448840
449630
449934
450147
450314
450609
450818
450827
450899
451013
451323
451364
451455
451633
452319
453333
453408
453462
454500
454771
454787
454813
455952
455996
456607
456684
457585
457630
458021
458198
458286
458435
458702
458763
459204
459305
459742
459833
460329
460621
461246
461629
461967
462012
462669
462888
462933
463174
463894
464866
464896
464952
465764
466078
466598
466868
468169
468637
468876
469125
469438
469504
469781
470040
470245
471909
472470
472686
472724
472748
472790
473634
473634
474259
474317
474827
475009
475147
476149
476279
476298
477042
477265
477424
477742
477862
478402
479545
479723
479983
479994
480739
481207
481755
481759
481978
482607
482707
482740
483046
483153
483636
483732
483976
485605
485673
485749
486275
486523
486688
486855
487228
487769
488520
488734
489374
489603
489636
489850
490078
490137
491491
491633
491821
492825
493191
493201
493493
493747
493988
494242
494434
494909
495433
495708
497082
497223
497241
497314
497470
497810
499379
499428
499822
499956
500409
500433
500442
500526
501066
501871
502212
502303
502367
502521
502838
503491
503525
504214
504303
504425
504478
505194
505610
505784
506019
506026
506612
506900
507025
507040
507086
507564
508179
508363
508842
509081
509343
509507
509614
509630
510000
510121
510322
510608
510613
511710
512313
512387
512456
512904
512940
512942
513222
513330
513868
514057
514339
514393
514998
515133
515209
515847
516140
516624
516963
518802
518923
519163
519529
519652
519781
519821
520509
520785
521006
522429
522787
523524
524708
525092
525421
527288
527456
527638
527940
528509
528522
528714
528989
529583
529644
530231
530660
531202
531700
532224
534085
534319
534511
535759
536060
536339
537072
537983
538180
538278
538413
538443
539029
539190
539247
539487
539623
541578
542408
542540
542591
543228
544829
545542
545718
545972
546989
548691
549017
550257
551034
551047
551526
552433
553593
555552
555705
557693
558267
561372
564947
566013
566168
567220
570176
570294
571462
571998
573065
574089
574466
576967
577285
577309
577343
577765
577837
577910
579555
579723
580046
580831
582682
583828
583938
585903
586675
587198
587527
587931
588354
589139
589338
591426
591638
591939
592645
593369
596420
598167
598243
598814
600187
601447
605190
606137
606912
608896
609821
609848
610573
619797
624382
626413
626762
631905
637812
687964
718706
731340
740832
745961
754914
22743
23282
24361
24499
29326
29489
30649
30973
31632
31896
32289
32441
33361
33979
34000
34110
34124
34304
36116
36281
36557
36765
36789
36967
37287
37581
38405
38562
38657
38974
40067
40125
40451
40906
41020
41373
41834
42007
42193
43047
43372
43535
43937
43952
44431
44634
45047
45175
45426
45485
45633
45749
45919
45988
46015
46359
46628
46681
46832
47014
47929
48126
48132
48134
48233
48388
48501
48641
48943
49225
49373
49497
49499
49596
49711
49914
50152
50187
50512
50515
51051
51248
51279
51606
51609
51659
51716
51867
51939
52045
52277
52379
52738
52786
52899
52966
53005
53056
53437
53602
53683
53920
53921
54202
54381
54548
54598
54906
55294
55330
55335
55464
56122
56557
56586
56587
56709
56874
56914
56953
57058
57300
57419
57543
57737
57789
57830
57863
57883
57965
58233
58271
58430
58639
58665
58713
58763
59001
59051
59193
59333
59526
59634
59709
59772
59919
60135
60498
61125
61139
61238
61295
61486
61697
61722
61753
62028
62173
62479
62557
62705
62755
63348
63352
63720
63738
63822
63839
63907
63922
63938
63950
64183
64275
64286
65118
65244
65471
65518
65843
66032
66148
66168
66241
66300
66446
66450
66507
66644
66747
66753
66971
66994
67187
67338
67451
67468
67565
67666
67703
67790
67911
67951
68113
68258
68521
68554
68570
68631
68663
68701
68843
68910
68914
68973
68984
68989
69205
69449
69823
69901
70059
70339
70421
70566
70627
70698
70912
71269
71381
71607
71694
72359
72628
72630
72639
72676
72706
72941
73367
73447
73798
73800
73858
73868
73973
74126
74148
74207
74285
74591
74712
74858
75208
75245
75430
75472
75552
75612
75842
75919
75958
76152
76311
76393
76398
76654
76687
76851
76858
76925
76961
77075
77500
77559
77586
77614
77854
77958
77963
78056
78352
78363
78506
78510
78558
78744
78766
78982
79010
79054
79497
79528
79533
79687
80442
80662
80718
80930
81102
81164
81515
81543
81554
81559
82094
82207
82348
82578
82914
83327
83455
83881
84525
84762
85074
85117
85704
85984
86135
86875
87242
87260
87497
88023
88051
88411
88509
89265
89329
89904
89925
90006
90375
90659
90953
91024
91141
91241
91756
91823
91861
91963
92259
92451
92776
93004
93107
93187
93271
93397
93474
93811
93976
93994
94071
94440
94463
94591
94636
94686
94811
94827
94880
95072
95163
95351
95963
95983
96776
97095
97554
97800
98145
98426
98946
99303
99352
100120
100334
100353
100364
100437
100550
100555
101032
101653
101775
101848
102180
102180
102654
102719
103723
103730
104718
104795
105074
105915
106429
106706
108088
109885
110042
110217
110289
110321
110387
110574
110842
111094
111280
111680
111815
111950
113090
113201
113389
113769
114138
114417
115117
115388
115585
116239
116723
117415
117495
119542
119830
119879
120059
120825
123300
124559
124859
125097
125311
125451
130751
130889
133165
133216
134057
135645
136002
136108
136446
136786
137217
137805
138174
138947
138996
139010
139467
139670
140320
140780
141132
141871
142819
142989
143098
143552
143823
144966
145157
145583
145891
146710
147421
147533
147915
148067
149042
149053
150033
150085
150295
150446
150454
150481
150724
150726
151238
152997
153884
154202
154441
154597
154855
154927
155113
156581
156606
157346
157956
158965
159258
159418
159420
160017
161492
161713
161952
161963
162257
162478
163697
164698
164893
166053
166162
166789
167374
167454
168909
170644
171459
173337
173418
175816
176824
177340
177584
178328
179208
181160
181237
183241
183670
184452
186664
187051
187491
191555
191678
192382
192761
192787
197653
198261
198350
199358
200420
201358
201667
205516
206074
207571
208182
208255
208302
209375
209554
213974
214146
214287
217622
218668
219278
220593
223059
223201
223922
224162
225015
226040
226138
226201
227833
228152
229183
230628
232208
233352
233705
234996
235143
236350
236750
237161
237188
237656
238119
238555
239005
241246
241985
242916
244339
244573
245023
245223
245675
249517
249680
250681
250779
252044
254631
256062
256657
257426
257555
258880
260934
261532
261889
262253
262273
262732
263118
267527
267579
267717
268651
270672
271027
271883
271998
273088
273658
273825
274012
275611
276022
277343
278156
278252
278979
279793
280011
280238
280253
280286
281430
282480
283932
284206
284221
284324
285315
285630
286758
286865
287055
287293
288426
288933
289211
289574
289755
289866
290228
290879
291265
291799
292593
292797
293162
293409
293945
293969
294323
295277
295401
296069
296596
298133
298321
299015
299485
300306
301462
301480
301596
301692
301906
301933
302110
302615
303365
303804
304531
305874
306844
307236
307610
308165
308221
309693
309882
310029
310342
310685
310725
310932
311992
312338
313026
313234
314608
314718
316504
316648
318151
318971
320676
322297
324518
325154
326461
327314
327615
327661
327913
327913
328082
328426
329842
331481
333301
334207
335121
337503
337958
337979
339652
341866
342077
342973
343272
344651
345771
347430
347756
350345
350539
351031
351852
352298
352619
353238
354368
354471
357584
358247
358509
360102
360322
360899
361850
362011
363256
363991
366167
366392
366504
366945
367387
367413
368965
369665
369803
370320
370445
371138
371366
372142
372245
372479
374949
375356
375760
376623
376774
377622
377800
378932
379583
380029
380425
381164
382433
382540
383239
384181
384432
384759
385899
386028
386030
386059
387096
387631
387691
387694
388933
390007
390221
390573
392320
392656
393171
393383
393510
394122
394244
394590
395413
396461
396737
399728
401184
401260
401309
401550
401877
401937
402497
402537
402573
402648
402945
403026
403156
403220
403417
403763
404361
404437
405708
405790
406413
406679
407546
409251
409687
409701
410049
410066
410389
410523
410586
412110
412181
412286
413351
414145
415669
416931
417049
417308
417319
417635
418708
418936
418961
419274
419658
419718
419750
420563
421225
421260
421353
421457
421831
423056
424271
425620
426251
428039
428149
428295
428358
428441
428516
428835
429151
429786
429962
430505
430658
430675
431824
432232
432502
432517
432851
433562
433604
433779
434723
434849
435273
435521
435536
436280
436511
437123
437216
437467
437517
438342
438906
439371
439464
440054
440310
441045
441997
442331
442939
443073
443203
443562
443961
444226
444514
444873
445113
445664
446341
446584
447301
447371
447648
448508
448587
448669
448840
449630
449934
450147
450314
450609
450818
450827
450899
451013
451323
451364
451455
451633
452319
453333
453408
453462
454500
454771
454787
454813
455952
455996
456607
456684
457585
457630
458021
458198
458286
458435
458702
458763
459204
459305
459742
459833
460329
460621
461246
461629
461967
462012
462669
462888
462933
463174
463894
464866
464896
464952
465764
466078
466598
466868
468169
468637
468876
469125
469438
469504
469781
470040
470245
471909
472470
472686
472724
472748
472790
473634
473634
474259
474317
474827
475009
475147
476149
476279
476298
477042
477265
477424
477742
477862
478402
479545
479723
479983
479994
480739
481207
481755
481759
481978
482607
482707
482740
483046
483153
483636
483732
483976
485605
485673
485749
486275
486523
486688
486855
487228
487769
488520
488734
489374
489603
489636
489850
490078
490137
491491
491633
491821
492825
493191
493201
493493
493747
493988
494242
494434
494909
495433
495708
497082
497223
497241
497314
497470
497810
499379
499428
499822
499956
500409
500433
500442
500526
501066
501871
502212
502303
502367
502521
502838
503491
503525
504214
504303
504425
504478
505194
505610
505784
506019
506026
506612
506900
507025
507040
507086
507564
508179
508363
508842
509081
509343
509507
509614
509630
510000
510121
510322
510608
510613
511710
512313
512387
512456
512904
512940
512942
513222
513330
513868
514057
514339
514393
514998
515133
515209
515847
516140
516624
516963
518802
518923
519163
519529
519652
519781
519821
520509
520785
521006
522429
522787
523524
524708
525092
525421
527288
527456
527638
527940
528509
528522
528714
528989
529583
529644
530231
530660
531202
531700
532224
534085
534319
534511
535759
536060
536339
537072
537983
538180
538278
538413
538443
539029
539190
539247
539487
539623
541578
542408
542540
542591
543228
544829
545542
545718
545972
546989
548691
549017
550257
551034
551047
551526
552433
553593
555552
555705
557693
558267
561372
564947
566013
566168
567220
570176
570294
571462
571998
573065
574089
574466
576967
577285
577309
577343
577765
577837
577910
579555
579723
580046
580831
582682
583828
583938
585903
586675
587198
587527
587931
588354
589139
589338
591426
591638
591939
592645
593369
596420
598167
598243
598814
600187
601447
605190
606137
606912
608896
609821
609848
610573
619797
624382
626413
626762
631905
637812
687964
718706
731340
740832
745961
754914
22743
23282
24361
24499
29326
29489
30649
30973
31632
31896
32289
32441
33361
33979
34000
34110
34124
34304
36116
36281
36557
36765
36789
36967
37287
37581
38405
38562
38657
38974
40067
40125
40451
40906
41020
41373
41834
42007
42193
43047
43372
43535
43937
43952
44431
44634
45047
45175
45426
45485
45633
45749
45919
45988
46015
46359
46628
46681
46832
47014
47929
48126
48132
48134
48233
48388
48501
48641
48943
49225
49373
49497
49499
49596
49711
49914
50152
50187
50512
50515
51051
51248
51279
51606
51609
51659
51716
51867
51939
52045
52277
52379
52738
52786
52899
52966
53005
53056
53437
53602
53683
53920
53921
54202
54381
54548
54598
54906
55294
55330
55335
55464
56122
56557
56586
56587
56709
56874
56914
56953
57058
57300
57419
57543
57737
57789
57830
57863
57883
57965
58233
58271
58430
58639
58665
58713
58763
59001
59051
59193
59333
59526
59634
59709
59772
59919
60135
60498
61125
61139
61238
61295
61486
61697
61722
61753
62028
62173
62479
62557
62705
62755
63348
63352
63720
63738
63822
63839
63907
63922
63938
63950
64183
64275
64286
65118
65244
65471
65518
65843
66032
66148
66168
66241
66300
66446
66450
66507
66644
66747
66753
66971
66994
67187
67338
67451
67468
67565
67666
67703
67790
67911
67951
68113
68258
68521
68554
68570
68631
68663
68701
68843
68910
68914
68973
68984
68989
69205
69449
69823
69901
70059
70339
70421
70566
70627
70698
70912
71269
71381
71607
71694
72359
72628
72630
72639
72676
72706
72941
73367
73447
73798
73800
73858
73868
73973
74126
74148
74207
74285
74591
74712
74858
75208
75245
75430
75472
75552
75612
75842
75919
75958
76152
76311
76393
76398
76654
76687
76851
76858
76925
76961
77075
77500
77559
77586
77614
77854
77958
77963
78056
78352
78363
78506
78510
78558
78744
78766
78982
79010
79054
79497
79528
79533
79687
80442
80662
80718
80930
81102
81164
81515
81543
81554
81559
82094
82207
82348
82578
82914
83327
83455
83881
84525
84762
85074
85117
85704
85984
86135
86875
87242
87260
87497
88023
88051
88411
88509
89265
89329
89904
89925
90006
90375
90659
90953
91024
91141
91241
91756
91823
91861
91963
92259
92451
92776
93004
93107
93187
93271
93397
93474
93811
93976
93994
94071
94440
94463
94591
94636
94686
94811
94827
94880
95072
95163
95351
95963
95983
96776
97095
97554
97800
98145
98426
98946
99303
99352
100120
100334
100353
100364
100437
100550
100555
101032
101653
101775
101848
102180
102180
102654
102719
103723
103730
104718
104795
105074
105915
106429
106706
108088
109885
110042
110217
110289
110321
110387
110574
110842
111094
111280
111680
111815
111950
113090
113201
113389
113769
114138
114417
115117
115388
115585
116239
116723
117415
117495
119542
119830
119879
120059
120825
123300
124559
124859
125097
125311
125451
130751
130889
133165
133216
134057
135645
136002
136108
136446
136786
137217
137805
138174
138947
138996
139010
139467
139670
140320
140780
141132
141871
142819
142989
143098
143552
143823
144966
145157
145583
145891
146710
147421
147533
147915
148067
149042
149053
150033
150085
150295
150446
150454
150481
150724
150726
151238
152997
153884
154202
154441
154597
154855
154927
155113
156581
156606
157346
157956
158965
159258
159418
159420
160017
161492
161713
161952
161963
162257
162478
163697
164698
164893
166053
166162
166789
167374
167454
168909
170644
171459
173337
173418
175816
176824
177340
177584
178328
179208
181160
181237
183241
183670
184452
186664
187051
187491
191555
191678
192382
192761
192787
197653
198261
198350
199358
200420
201358
201667
205516
206074
207571
208182
208255
208302
209375
209554
213974
214146
214287
217622
218668
219278
220593
223059
223201
223922
224162
225015
226040
226138
226201
227833
228152
229183
230628
232208
233352
233705
234996
235143
236350
236750
237161
237188
237656
238119
238555
239005
241246
241985
242916
244339
244573
245023
245223
245675
249517
249680
250681
250779
252044
254631
256062
256657
257426
257555
258880
260934
261532
261889
262253
262273
262732
263118
267527
267579
267717
268651
270672
271027
271883
271998
273088
273658
273825
274012
275611
276022
277343
278156
278252
278979
279793
280011
280238
280253
280286
281430
282480
283932
284206
284221
284324
285315
285630
286758
286865
287055
287293
288426
288933
289211
289574
289755
289866
290228
290879
291265
291799
292593
292797
293162
293409
293945
293969
294323
295277
295401
296069
296596
298133
298321
299015
299485
300306
301462
301480
301596
301692
301906
301933
302110
302615
303365
303804
304531
305874
306844
307236
307610
308165
308221
309693
309882
310029
310342
310685
310725
310932
311992
312338
313026
313234
314608
314718
316504
316648
318151
318971
320676
322297
324518
325154
326461
327314
327615
327661
327913
327913
328082
328426
329842
331481
333301
334207
335121
337503
337958
337979
339652
341866
342077
342973
343272
344651
345771
347430
347756
350345
350539
351031
351852
352298
352619
353238
354368
354471
357584
358247
358509
360102
360322
360899
361850
362011
363256
363991
366167
366392
366504
366945
367387
367413
368965
369665
369803
370320
370445
371138
371366
372142
372245
372479
374949
375356
375760
376623
376774
377622
377800
378932
379583
380029
380425
381164
382433
382540
383239
384181
384432
384759
385899
386028
386030
386059
387096
387631
387691
387694
388933
390007
390221
390573
392320
392656
393171
393383
393510
394122
394244
394590
395413
396461
396737
399728
401184
401260
401309
401550
401877
401937
402497
402537
402573
402648
402945
403026
403156
403220
403417
403763
404361
404437
405708
405790
406413
406679
407546
409251
409687
409701
410049
410066
410389
410523
410586
412110
412181
412286
413351
414145
415669
416931
417049
417308
417319
417635
418708
418936
418961
419274
419658
419718
419750
420563
421225
421260
421353
421457
421831
423056
424271
425620
426251
428039
428149
428295
428358
428441
428516
428835
429151
429786
429962
430505
430658
430675
431824
432232
432502
432517
432851
433562
433604
433779
434723
434849
435273
435521
435536
436280
436511
437123
437216
437467
437517
438342
438906
439371
439464
440054
440310
441045
441997
442331
442939
443073
443203
443562
443961
444226
444514
444873
445113
445664
446341
446584
447301
447371
447648
448508
448587
448669
448840
449630
449934
450147
450314
450609
450818
450827
450899
451013
451323
451364
451455
451633
452319
453333
453408
453462
454500
454771
454787
454813
455952
455996
456607
456684
457585
457630
458021
458198
458286
458435
458702
458763
459204
459305
459742
459833
460329
460621
461246
461629
461967
462012
462669
462888
462933
463174
463894
464866
464896
464952
465764
466078
466598
466868
468169
468637
468876
469125
469438
469504
469781
470040
470245
471909
472470
472686
472724
472748
472790
473634
473634
474259
474317
474827
475009
475147
476149
476279
476298
477042
477265
477424
477742
477862
478402
479545
479723
479983
479994
480739
481207
481755
481759
481978
482607
482707
482740
483046
483153
483636
483732
483976
485605
485673
485749
486275
486523
486688
486855
487228
487769
488520
488734
489374
489603
489636
489850
490078
490137
491491
491633
491821
492825
493191
493201
493493
493747
493988
494242
494434
494909
495433
495708
497082
497223
497241
497314
497470
497810
499379
499428
499822
499956
500409
500433
500442
500526
501066
501871
502212
502303
502367
502521
502838
503491
503525
504214
504303
504425
504478
505194
505610
505784
506019
506026
506612
506900
507025
507040
507086
507564
508179
508363
508842
509081
509343
509507
509614
509630
510000
510121
510322
510608
510613
511710
512313
512387
512456
512904
512940
512942
513222
513330
513868
514057
514339
514393
514998
515133
515209
515847
516140
516624
516963
518802
518923
519163
519529
519652
519781
519821
520509
520785
521006
522429
522787
523524
524708
525092
525421
527288
527456
527638
527940
528509
528522
528714
528989
529583
529644
530231
530660
531202
531700
532224
534085
534319
534511
535759
536060
536339
537072
537983
538180
538278
538413
538443
539029
539190
539247
539487
539623
541578
542408
542540
542591
543228
544829
545542
545718
545972
546989
548691
549017
550257
551034
551047
551526
552433
553593
555552
555705
557693
558267
561372
564947
566013
566168
567220
570176
570294
571462
571998
573065
574089
574466
576967
577285
577309
577343
577765
577837
577910
579555
579723
580046
580831
582682
583828
583938
585903
586675
587198
587527
587931
588354
589139
589338
591426
591638
591939
592645
593369
596420
598167
598243
598814
600187
601447
605190
606137
606912
608896
609821
609848
610573
619797
624382
626413
626762
631905
637812
687964
718706
731340
740832
745961
754914
22743
23282
24361
24499
29326
29489
30649
30973
31632
31896
32289
32441
33361
33979
34000
34110
34124
34304
36116
36281
36557
36765
36789
36967
37287
37581
38405
38562
38657
38974
40067
40125
40451
40906
41020
41373
41834
42007
42193
43047
43372
43535
43937
43952
44431
44634
45047
45175
45426
45485
45633
45749
45919
45988
46015
46359
46628
46681
46832
47014
47929
48126
48132
48134
48233
48388
48501
48641
48943
49225
49373
49497
49499
49596
49711
49914
50152
50187
50512
50515
51051
51248
51279
51606
51609
51659
51716
51867
51939
52045
52277
52379
52738
52786
52899
52966
53005
53056
53437
53602
53683
53920
53921
54202
54381
54548
54598
54906
55294
55330
55335
55464
56122
56557
56586
56587
56709
56874
56914
56953
57058
57300
57419
57543
57737
57789
57830
57863
57883
57965
58233
58271
58430
58639
58665
58713
58763
59001
59051
59193
59333
59526
59634
59709
59772
59919
60135
60498
61125
61139
61238
61295
61486
61697
61722
61753
62028
62173
62479
62557
62705
62755
63348
63352
63720
63738
63822
63839
63907
63922
63938
63950
64183
64275
64286
65118
65244
65471
65518
65843
66032
66148
66168
66241
66300
66446
66450
66507
66644
66747
66753
66971
66994
67187
67338
67451
67468
67565
67666
67703
67790
67911
67951
68113
68258
68521
68554
68570
68631
68663
68701
68843
68910
68914
68973
68984
68989
69205
69449
69823
69901
70059
70339
70421
70566
70627
70698
70912
71269
71381
71607
71694
72359
72628
72630
72639
72676
72706
72941
73367
73447
73798
73800
73858
73868
73973
74126
74148
74207
74285
74591
74712
74858
75208
75245
75430
75472
75552
75612
75842
75919
75958
76152
76311
76393
76398
76654
76687
76851
76858
76925
76961
77075
77500
77559
77586
77614
77854
77958
77963
78056
78352
78363
78506
78510
78558
78744
78766
78982
79010
79054
79497
79528
79533
79687
80442
80662
80718
80930
81102
81164
81515
81543
81554
81559
82094
82207
82348
82578
82914
83327
83455
83881
84525
84762
85074
85117
85704
85984
86135
86875
87242
87260
87497
88023
88051
88411
88509
89265
89329
89904
89925
90006
90375
90659
90953
91024
91141
91241
91756
91823
91861
91963
92259
92451
92776
93004
93107
93187
93271
93397
93474
93811
93976
93994
94071
94440
94463
94591
94636
94686
94811
94827
94880
95072
95163
95351
95963
95983
96776
97095
97554
97800
98145
98426
98946
99303
99352
100120
100334
100353
100364
100437
100550
100555
101032
101653
101775
101848
102180
102180
102654
102719
103723
103730
104718
104795
105074
105915
106429
106706
108088
109885
110042
110217
110289
110321
110387
110574
110842
111094
111280
111680
111815
111950
113090
113201
113389
113769
114138
114417
115117
115388
115585
116239
116723
117415
117495
119542
119830
119879
120059
120825
123300
124559
124859
125097
125311
125451
130751
130889
133165
133216
134057
135645
136002
136108
136446
136786
137217
137805
138174
138947
138996
139010
139467
139670
140320
140780
141132
141871
142819
142989
143098
143552
143823
144966
145157
145583
145891
146710
147421
147533
147915
148067
149042
149053
150033
150085
150295
150446
150454
150481
150724
150726
151238
152997
153884
154202
154441
154597
154855
154927
155113
156581
156606
157346
157956
158965
159258
159418
159420
160017
161492
161713
161952
161963
162257
162478
163697
164698
164893
166053
166162
166789
167374
167454
168909
170644
171459
173337
173418
175816
176824
177340
177584
178328
179208
181160
181237
183241
183670
184452
186664
187051
187491
191555
191678
192382
192761
192787
197653
198261
198350
199358
200420
201358
201667
205516
206074
207571
208182
208255
208302
209375
209554
213974
214146
214287
217622
218668
219278
220593
223059
223201
223922
224162
225015
226040
226138
226201
227833
228152
229183
230628
232208
233352
233705
234996
235143
236350
236750
237161
237188
237656
238119
238555
239005
241246
241985
242916
244339
244573
245023
245223
245675
249517
249680
250681
250779
252044
254631
256062
256657
257426
257555
258880
260934
261532
261889
262253
262273
262732
263118
267527
267579
267717
268651
270672
271027
271883
271998
273088
273658
273825
274012
275611
276022
277343
278156
278252
278979
279793
280011
280238
280253
280286
281430
282480
283932
284206
284221
284324
285315
285630
286758
286865
287055
287293
288426
288933
289211
289574
289755
289866
290228
290879
291265
291799
292593
292797
293162
293409
293945
293969
294323
295277
295401
296069
296596
298133
298321
299015
299485
300306
301462
301480
301596
301692
301906
301933
302110
302615
303365
303804
304531
305874
306844
307236
307610
308165
308221
309693
309882
310029
310342
310685
310725
310932
311992
312338
313026
313234
314608
314718
316504
316648
318151
318971
320676
322297
324518
325154
326461
327314
327615
327661
327913
327913
328082
328426
329842
331481
333301
334207
335121
337503
337958
337979
339652
341866
342077
342973
343272
344651
345771
347430
347756
350345
350539
351031
351852
352298
352619
353238
354368
354471
357584
358247
358509
360102
360322
360899
361850
362011
363256
363991
366167
366392
366504
366945
367387
367413
368965
369665
369803
370320
370445
371138
371366
372142
372245
372479
374949
375356
375760
376623
376774
377622
377800
378932
379583
380029
380425
381164
382433
382540
383239
384181
384432
384759
385899
386028
386030
386059
387096
387631
387691
387694
388933
390007
390221
390573
392320
392656
393171
393383
393510
394122
394244
394590
395413
396461
396737
399728
401184
401260
401309
401550
401877
401937
402497
402537
402573
402648
402945
403026
403156
403220
403417
403763
404361
404437
405708
405790
406413
406679
407546
409251
409687
409701
410049
410066
410389
410523
410586
412110
412181
412286
413351
414145
415669
416931
417049
417308
417319
417635
418708
418936
418961
419274
419658
419718
419750
420563
421225
421260
421353
421457
421831
423056
424271
425620
426251
428039
428149
428295
428358
428441
428516
428835
429151
429786
429962
430505
430658
430675
431824
432232
432502
432517
432851
433562
433604
433779
434723
434849
435273
435521
435536
436280
436511
437123
437216
437467
437517
438342
438906
439371
439464
440054
440310
441045
441997
442331
442939
443073
443203
443562
443961
444226
444514
444873
445113
445664
446341
446584
447301
447371
447648
448508
448587
448669
448840
449630
449934
450147
450314
450609
450818
450827
450899
451013
451323
451364
451455
451633
452319
453333
453408
453462
454500
454771
454787
454813
455952
455996
456607
456684
457585
457630
458021
458198
458286
458435
458702
458763
459204
459305
459742
459833
460329
460621
461246
461629
461967
462012
462669
462888
462933
463174
463894
464866
464896
464952
465764
466078
466598
466868
468169
468637
468876
469125
469438
469504
469781
470040
470245
471909
472470
472686
472724
472748
472790
473634
473634
474259
474317
474827
475009
475147
476149
476279
476298
477042
477265
477424
477742
477862
478402
479545
479723
479983
479994
480739
481207
481755
481759
481978
482607
482707
482740
483046
483153
483636
483732
483976
485605
485673
485749
486275
486523
486688
486855
487228
487769
488520
488734
489374
489603
489636
489850
490078
490137
491491
491633
491821
492825
493191
493201
493493
493747
493988
494242
494434
494909
495433
495708
497082
497223
497241
497314
497470
497810
499379
499428
499822
499956
500409
500433
500442
500526
501066
501871
502212
502303
502367
502521
502838
503491
503525
504214
504303
504425
504478
505194
505610
505784
506019
506026
506612
506900
507025
507040
507086
507564
508179
508363
508842
509081
509343
509507
509614
509630
510000
510121
510322
510608
510613
511710
512313
512387
512456
512904
512940
512942
513222
513330
513868
514057
514339
514393
514998
515133
515209
515847
516140
516624
516963
518802
518923
519163
519529
519652
519781
519821
520509
520785
521006
522429
522787
523524
524708
525092
525421
527288
527456
527638
527940
528509
528522
528714
528989
529583
529644
530231
530660
531202
531700
532224
534085
534319
534511
535759
536060
536339
537072
537983
538180
538278
538413
538443
539029
539190
539247
539487
539623
541578
542408
542540
542591
543228
544829
545542
545718
545972
546989
548691
549017
550257
551034
551047
551526
552433
553593
555552
555705
557693
558267
561372
564947
566013
566168
567220
570176
570294
571462
571998
573065
574089
574466
576967
577285
577309
577343
577765
577837
577910
579555
579723
580046
580831
582682
583828
583938
585903
586675
587198
587527
587931
588354
589139
589338
591426
591638
591939
592645
593369
596420
598167
598243
598814
600187
601447
605190
606137
606912
608896
609821
609848
610573
619797
624382
626413
626762
631905
637812
687964
718706
731340
740832
745961
754914
22743
23282
24361
24499
29326
29489
30649
30973
31632
31896
32289
32441
33361
33979
34000
34110
34124
34304
36116
36281
36557
36765
36789
36967
37287
37581
38405
38562
38657
38974
40067
40125
40451
40906
41020
41373
41834
42007
42193
43047
43372
43535
43937
43952
44431
44634
45047
45175
45426
45485
45633
45749
45919
45988
46015
46359
46628
46681
46832
47014
47929
48126
48132
48134
48233
48388
48501
48641
48943
49225
49373
49497
49499
49596
49711
49914
50152
50187
50512
50515
51051
51248
51279
51606
51609
51659
51716
51867
51939
52045
52277
52379
52738
52786
52899
52966
53005
53056
53437
53602
53683
53920
53921
54202
54381
54548
54598
54906
55294
55330
55335
55464
56122
56557
56586
56587
56709
56874
56914
56953
57058
57300
57419
57543
57737
57789
57830
57863
57883
57965
58233
58271
58430
58639
58665
58713
58763
59001
59051
59193
59333
59526
59634
59709
59772
59919
60135
60498
61125
61139
61238
61295
61486
61697
61722
61753
62028
62173
62479
62557
62705
62755
63348
63352
63720
63738
63822
63839
63907
63922
63938
63950
64183
64275
64286
65118
65244
65471
65518
65843
66032
66148
66168
66241
66300
66446
66450
66507
66644
66747
66753
66971
66994
67187
67338
67451
67468
67565
67666
67703
67790
67911
67951
68113
68258
68521
68554
68570
68631
68663
68701
68843
68910
68914
68973
68984
68989
69205
69449
69823
69901
70059
70339
70421
70566
70627
70698
70912
71269
71381
71607
71694
72359
72628
72630
72639
72676
72706
72941
73367
73447
73798
73800
73858
73868
73973
74126
74148
74207
74285
74591
74712
74858
75208
75245
75430
75472
75552
75612
75842
75919
75958
76152
76311
76393
76398
76654
76687
76851
76858
76925
76961
77075
77500
77559
77586
77614
77854
77958
77963
78056
78352
78363
78506
78510
78558
78744
78766
78982
79010
79054
79497
79528
79533
79687
80442
80662
80718
80930
81102
81164
81515
81543
81554
81559
82094
82207
82348
82578
82914
83327
83455
83881
84525
84762
85074
85117
85704
85984
86135
86875
87242
87260
87497
88023
88051
88411
88509
89265
89329
89904
89925
90006
90375
90659
90953
91024
91141
91241
91756
91823
91861
91963
92259
92451
92776
93004
93107
93187
93271
93397
93474
93811
93976
93994
94071
94440
94463
94591
94636
94686
94811
94827
94880
95072
95163
95351
95963
95983
96776
97095
97554
97800
98145
98426
98946
99303
99352
100120
100334
100353
100364
100437
100550
100555
101032
101653
101775
101848
102180
102180
102654
102719
103723
103730
104718
104795
105074
105915
106429
106706
108088
109885
110042
110217
110289
110321
110387
110574
110842
111094
111280
111680
111815
111950
113090
113201
113389
113769
114138
114417
115117
115388
115585
116239
116723
117415
117495
119542
119830
119879
120059
120825
123300
124559
124859
125097
125311
125451
130751
130889
133165
133216
134057
135645
136002
136108
136446
136786
137217
137805
138174
138947
138996
139010
139467
139670
140320
140780
141132
141871
142819
142989
143098
143552
143823
144966
145157
145583
145891
146710
147421
147533
147915
148067
149042
149053
150033
150085
150295
150446
150454
150481
150724
150726
151238
152997
153884
154202
154441
154597
154855
154927
155113
156581
156606
157346
157956
158965
159258
159418
159420
160017
161492
161713
161952
161963
162257
162478
163697
164698
164893
166053
166162
166789
167374
167454
168909
170644
171459
173337
173418
175816
176824
177340
177584
178328
179208
181160
181237
183241
183670
184452
186664
187051
187491
191555
191678
192382
192761
192787
197653
198261
198350
199358
200420
201358
201667
205516
206074
207571
208182
208255
208302
209375
209554
213974
214146
214287
217622
218668
219278
220593
223059
223201
223922
224162
225015
226040
226138
226201
227833
228152
229183
230628
232208
233352
233705
234996
235143
236350
236750
237161
237188
237656
238119
238555
239005
241246
241985
242916
244339
244573
245023
245223
245675
249517
249680
250681
250779
252044
254631
256062
256657
257426
257555
258880
260934
261532
261889
262253
262273
262732
263118
267527
267579
267717
268651
270672
271027
271883
271998
273088
273658
273825
274012
275611
276022
277343
278156
278252
278979
279793
280011
280238
280253
280286
281430
282480
283932
284206
284221
284324
285315
285630
286758
286865
287055
287293
288426
288933
289211
289574
289755
289866
290228
290879
291265
291799
292593
292797
293162
293409
293945
293969
294323
295277
295401
296069
296596
298133
298321
299015
299485
300306
301462
301480
301596
301692
301906
301933
302110
302615
303365
303804
304531
305874
306844
307236
307610
308165
308221
309693
309882
310029
310342
310685
310725
310932
311992
312338
313026
313234
314608
314718
316504
316648
318151
318971
320676
322297
324518
325154
326461
327314
327615
327661
327913
327913
328082
328426
329842
331481
333301
334207
335121
337503
337958
337979
339652
341866
342077
342973
343272
344651
345771
347430
347756
350345
350539
351031
351852
352298
352619
353238
354368
354471
357584
358247
358509
360102
360322
360899
361850
362011
363256
363991
366167
366392
366504
366945
367387
367413
368965
369665
369803
370320
370445
371138
371366
372142
372245
372479
374949
375356
375760
376623
376774
377622
377800
378932
379583
380029
380425
381164
382433
382540
383239
384181
384432
384759
385899
386028
386030
386059
387096
387631
387691
387694
388933
390007
390221
390573
392320
392656
393171
393383
393510
394122
394244
394590
395413
396461
396737
399728
401184
401260
401309
401550
401877
401937
402497
402537
402573
402648
402945
403026
403156
403220
403417
403763
404361
404437
405708
405790
406413
406679
407546
409251
409687
409701
410049
410066
410389
410523
410586
412110
412181
412286
413351
414145
415669
416931
417049
417308
417319
417635
418708
418936
418961
419274
419658
419718
419750
420563
421225
421260
421353
421457
421831
423056
424271
425620
426251
428039
428149
428295
428358
428441
428516
428835
429151
429786
429962
430505
430658
430675
431824
432232
432502
432517
432851
433562
433604
433779
434723
434849
435273
435521
435536
436280
436511
437123
437216
437467
437517
438342
438906
439371
439464
440054
440310
441045
441997
442331
442939
443073
443203
443562
443961
444226
444514
444873
445113
445664
446341
446584
447301
447371
447648
448508
448587
448669
448840
449630
449934
450147
450314
450609
450818
450827
450899
451013
451323
451364
451455
451633
452319
453333
453408
453462
454500
454771
454787
454813
455952
455996
456607
456684
457585
457630
458021
458198
458286
458435
458702
458763
459204
459305
459742
459833
460329
460621
461246
461629
461967
462012
462669
462888
462933
463174
463894
464866
464896
464952
465764
466078
466598
466868
468169
468637
468876
469125
469438
469504
469781
470040
470245
471909
472470
472686
472724
472748
472790
473634
473634
474259
474317
474827
475009
475147
476149
476279
476298
477042
477265
477424
477742
477862
478402
479545
479723
479983
479994
480739
481207
481755
481759
481978
482607
482707
482740
483046
483153
483636
483732
483976
485605
485673
485749
486275
486523
486688
486855
487228
487769
488520
488734
489374
489603
489636
489850
490078
490137
491491
491633
491821
492825
493191
493201
493493
493747
493988
494242
494434
494909
495433
495708
497082
497223
497241
497314
497470
497810
499379
499428
499822
499956
500409
500433
500442
500526
501066
501871
502212
502303
502367
502521
502838
503491
503525
504214
504303
504425
504478
505194
505610
505784
506019
506026
506612
506900
507025
507040
507086
507564
508179
508363
508842
509081
509343
509507
509614
509630
510000
510121
510322
510608
510613
511710
512313
512387
512456
512904
512940
512942
513222
513330
513868
514057
514339
514393
514998
515133
515209
515847
516140
516624
516963
518802
518923
519163
519529
519652
519781
519821
520509
520785
521006
522429
522787
523524
524708
525092
525421
527288
527456
527638
527940
528509
528522
528714
528989
529583
529644
530231
530660
531202
531700
532224
534085
534319
534511
535759
536060
536339
537072
537983
538180
538278
538413
538443
539029
539190
539247
539487
539623
541578
542408
542540
542591
543228
544829
545542
545718
545972
546989
548691
549017
550257
551034
551047
551526
552433
553593
555552
555705
557693
558267
561372
564947
566013
566168
567220
570176
570294
571462
571998
573065
574089
574466
576967
577285
577309
577343
577765
577837
577910
579555
579723
580046
580831
582682
583828
583938
585903
586675
587198
587527
587931
588354
589139
589338
591426
591638
591939
592645
593369
596420
598167
598243
598814
600187
601447
605190
606137
606912
608896
609821
609848
610573
619797
624382
626413
626762
631905
637812
687964
718706
731340
740832
745961
754914
22743
23282
24361
24499
29326
29489
30649
30973
31632
31896
32289
32441
33361
33979
34000
34110
34124
34304
36116
36281
36557
36765
36789
36967
37287
37581
38405
38562
38657
38974
40067
40125
40451
40906
41020
41373
41834
42007
42193
43047
43372
43535
43937
43952
44431
44634
45047
45175
45426
45485
45633
45749
45919
45988
46015
46359
46628
46681
46832
47014
47929
48126
48132
48134
48233
48388
48501
48641
48943
49225
49373
49497
49499
49596
49711
49914
50152
50187
50512
50515
51051
51248
51279
51606
51609
51659
51716
51867
51939
52045
52277
52379
52738
52786
52899
52966
53005
53056
53437
53602
53683
53920
53921
54202
54381
54548
54598
54906
55294
55330
55335
55464
56122
56557
56586
56587
56709
56874
56914
56953
57058
57300
57419
57543
57737
57789
57830
57863
57883
57965
58233
58271
58430
58639
58665
58713
58763
59001
59051
59193
59333
59526
59634
59709
59772
59919
60135
60498
61125
61139
61238
61295
61486
61697
61722
61753
62028
62173
62479
62557
62705
62755
63348
63352
63720
63738
63822
63839
63907
63922
63938
63950
64183
64275
64286
65118
65244
65471
65518
65843
66032
66148
66168
66241
66300
66446
66450
66507
66644
66747
66753
66971
66994
67187
67338
67451
67468
67565
67666
67703
67790
67911
67951
68113
68258
68521
68554
68570
68631
68663
68701
68843
68910
68914
68973
68984
68989
69205
69449
69823
69901
70059
70339
70421
70566
70627
70698
70912
71269
71381
71607
71694
72359
72628
72630
72639
72676
72706
72941
73367
73447
73798
73800
73858
73868
73973
74126
74148
74207
74285
74591
74712
74858
75208
75245
75430
75472
75552
75612
75842
75919
75958
76152
76311
76393
76398
76654
76687
76851
76858
76925
76961
77075
77500
77559
77586
77614
77854
77958
77963
78056
78352
78363
78506
78510
78558
78744
78766
78982
79010
79054
79497
79528
79533
79687
80442
80662
80718
80930
81102
81164
81515
81543
81554
81559
82094
82207
82348
82578
82914
83327
83455
83881
84525
84762
85074
85117
85704
85984
86135
86875
87242
87260
87497
88023
88051
88411
88509
89265
89329
89904
89925
90006
90375
90659
90953
91024
91141
91241
91756
91823
91861
91963
92259
92451
92776
93004
93107
93187
93271
93397
93474
93811
93976
93994
94071
94440
94463
94591
94636
94686
94811
94827
94880
95072
95163
95351
95963
95983
96776
97095
97554
97800
98145
98426
98946
99303
99352
100120
100334
100353
100364
100437
100550
100555
101032
101653
101775
101848
102180
102180
102654
102719
103723
103730
104718
104795
105074
105915
106429
106706
108088
109885
110042
110217
110289
110321
110387
110574
110842
111094
111280
111680
111815
111950
113090
113201
113389
113769
114138
114417
115117
115388
115585
116239
116723
117415
117495
119542
119830
119879
120059
120825
123300
124559
124859
125097
125311
125451
130751
130889
133165
133216
134057
135645
136002
136108
136446
136786
137217
137805
138174
138947
138996
139010
139467
139670
140320
140780
141132
141871
142819
142989
143098
143552
143823
144966
145157
145583
145891
146710
147421
147533
147915
148067
149042
149053
150033
150085
150295
150446
150454
150481
150724
150726
151238
152997
153884
154202
154441
154597
154855
154927
155113
156581
156606
157346
157956
158965
159258
159418
159420
160017
161492
161713
161952
161963
162257
162478
163697
164698
164893
166053
166162
166789
167374
167454
168909
170644
171459
173337
173418
175816
176824
177340
177584
178328
179208
181160
181237
183241
183670
184452
186664
187051
187491
191555
191678
192382
192761
192787
197653
198261
198350
199358
200420
201358
201667
205516
206074
207571
208182
208255
208302
209375
209554
213974
214146
214287
217622
218668
219278
220593
223059
223201
223922
224162
225015
226040
226138
226201
227833
228152
229183
230628
232208
233352
233705
234996
235143
236350
236750
237161
237188
237656
238119
238555
239005
241246
241985
242916
244339
244573
245023
245223
245675
249517
249680
250681
250779
252044
254631
256062
256657
257426
257555
258880
260934
261532
261889
262253
262273
262732
263118
267527
267579
267717
268651
270672
271027
271883
271998
273088
273658
273825
274012
275611
276022
277343
278156
278252
278979
279793
280011
280238
280253
280286
281430
282480
283932
284206
284221
284324
285315
285630
286758
286865
287055
287293
288426
288933
289211
289574
289755
289866
290228
290879
291265
291799
292593
292797
293162
293409
293945
293969
294323
295277
295401
296069
296596
298133
298321
299015
299485
300306
301462
301480
301596
301692
301906
301933
302110
302615
303365
303804
304531
305874
306844
307236
307610
308165
308221
309693
309882
310029
310342
310685
310725
310932
311992
312338
313026
313234
314608
314718
316504
316648
318151
318971
320676
322297
324518
325154
326461
327314
327615
327661
327913
327913
328082
328426
329842
331481
333301
334207
335121
337503
337958
337979
339652
341866
342077
342973
343272
344651
345771
347430
347756
350345
350539
351031
351852
352298
352619
353238
354368
354471
357584
358247
358509
360102
360322
360899
361850
362011
363256
363991
366167
366392
366504
366945
367387
367413
368965
369665
369803
370320
370445
371138
371366
372142
372245
372479
374949
375356
375760
376623
376774
377622
377800
378932
379583
380029
380425
381164
382433
382540
383239
384181
384432
384759
385899
386028
386030
386059
387096
387631
387691
387694
388933
390007
390221
390573
392320
392656
393171
393383
393510
394122
394244
394590
395413
396461
396737
399728
401184
401260
401309
401550
401877
401937
402497
402537
402573
402648
402945
403026
403156
403220
403417
403763
404361
404437
405708
405790
406413
406679
407546
409251
409687
409701
410049
410066
410389
410523
410586
412110
412181
412286
413351
414145
415669
416931
417049
417308
417319
417635
418708
418936
418961
419274
419658
419718
419750
420563
421225
421260
421353
421457
421831
423056
424271
425620
426251
428039
428149
428295
428358
428441
428516
428835
429151
429786
429962
430505
430658
430675
431824
432232
432502
432517
432851
433562
433604
433779
434723
434849
435273
435521
435536
436280
436511
437123
437216
437467
437517
438342
438906
439371
439464
440054
440310
441045
441997
442331
442939
443073
443203
443562
443961
444226
444514
444873
445113
445664
446341
446584
447301
447371
447648
448508
448587
448669
448840
449630
449934
450147
450314
450609
450818
450827
450899
451013
451323
451364
451455
451633
452319
453333
453408
453462
454500
454771
454787
454813
455952
455996
456607
456684
457585
457630
458021
458198
458286
458435
458702
458763
459204
459305
459742
459833
460329
460621
461246
461629
461967
462012
462669
462888
462933
463174
463894
464866
464896
464952
465764
466078
466598
466868
468169
468637
468876
469125
469438
469504
469781
470040
470245
471909
472470
472686
472724
472748
472790
473634
473634
474259
474317
474827
475009
475147
476149
476279
476298
477042
477265
477424
477742
477862
478402
479545
479723
479983
479994
480739
481207
481755
481759
481978
482607
482707
482740
483046
483153
483636
483732
483976
485605
485673
485749
486275
486523
486688
486855
487228
487769
488520
488734
489374
489603
489636
489850
490078
490137
491491
491633
491821
492825
493191
493201
493493
493747
493988
494242
494434
494909
495433
495708
497082
497223
497241
497314
497470
497810
499379
499428
499822
499956
500409
500433
500442
500526
501066
501871
502212
502303
502367
502521
502838
503491
503525
504214
504303
504425
504478
505194
505610
505784
506019
506026
506612
506900
507025
507040
507086
507564
508179
508363
508842
509081
509343
509507
509614
509630
510000
510121
510322
510608
510613
511710
512313
512387
512456
512904
512940
512942
513222
513330
513868
514057
514339
514393
514998
515133
515209
515847
516140
516624
516963
518802
518923
519163
519529
519652
519781
519821
520509
520785
521006
522429
522787
523524
524708
525092
525421
527288
527456
527638
527940
528509
528522
528714
528989
529583
529644
530231
530660
531202
531700
532224
534085
534319
534511
535759
536060
536339
537072
537983
538180
538278
538413
538443
539029
539190
539247
539487
539623
541578
542408
542540
542591
543228
544829
545542
545718
545972
546989
548691
549017
550257
551034
551047
551526
552433
553593
555552
555705
557693
558267
561372
564947
566013
566168
567220
570176
570294
571462
571998
573065
574089
574466
576967
577285
577309
577343
577765
577837
577910
579555
579723
580046
580831
582682
583828
583938
585903
586675
587198
587527
587931
588354
589139
589338
591426
591638
591939
592645
593369
596420
598167
598243
598814
600187
601447
605190
606137
606912
608896
609821
609848
610573
619797
624382
626413
626762
631905
637812
687964
718706
731340
740832
745961
754914
22743
23282
24361
24499
29326
29489
30649
30973
31632
31896
32289
32441
33361
33979
34000
34110
34124
34304
36116
36281
36557
36765
36789
36967
37287
37581
38405
38562
38657
38974
40067
40125
40451
40906
41020
41373
41834
42007
42193
43047
43372
43535
43937
43952
44431
44634
45047
45175
45426
45485
45633
45749
45919
45988
46015
46359
46628
46681
46832
47014
47929
48126
48132
48134
48233
48388
48501
48641
48943
49225
49373
49497
49499
49596
49711
49914
50152
50187
50512
50515
51051
51248
51279
51606
51609
51659
51716
51867
51939
52045
52277
52379
52738
52786
52899
52966
53005
53056
53437
53602
53683
53920
53921
54202
54381
54548
54598
54906
55294
55330
55335
55464
56122
56557
56586
56587
56709
56874
56914
56953
57058
57300
57419
57543
57737
57789
57830
57863
57883
57965
58233
58271
58430
58639
58665
58713
58763
59001
59051
59193
59333
59526
59634
59709
59772
59919
60135
60498
61125
61139
61238
61295
61486
61697
61722
61753
62028
62173
62479
62557
62705
62755
63348
63352
63720
63738
63822
63839
63907
63922
63938
63950
64183
64275
64286
65118
65244
65471
65518
65843
66032
66148
66168
66241
66300
66446
66450
66507
66644
66747
66753
66971
66994
67187
67338
67451
67468
67565
67666
67703
67790
67911
67951
68113
68258
68521
68554
68570
68631
68663
68701
68843
68910
68914
68973
68984
68989
69205
69449
69823
69901
70059
70339
70421
70566
70627
70698
70912
71269
71381
71607
71694
72359
72628
72630
72639
72676
72706
72941
73367
73447
73798
73800
73858
73868
73973
74126
74148
74207
74285
74591
74712
74858
75208
75245
75430
75472
75552
75612
75842
75919
75958
76152
76311
76393
76398
76654
76687
76851
76858
76925
76961
77075
77500
77559
77586
77614
77854
77958
77963
78056
78352
78363
78506
78510
78558
78744
78766
78982
79010
79054
79497
79528
79533
79687
80442
80662
80718
80930
81102
81164
81515
81543
81554
81559
82094
82207
82348
82578
82914
83327
83455
83881
84525
84762
85074
85117
85704
85984
86135
86875
87242
87260
87497
88023
88051
88411
88509
89265
89329
89904
89925
90006
90375
90659
90953
91024
91141
91241
91756
91823
91861
91963
92259
92451
92776
93004
93107
93187
93271
93397
93474
93811
93976
93994
94071
94440
94463
94591
94636
94686
94811
94827
94880
95072
95163
95351
95963
95983
96776
97095
97554
97800
98145
98426
98946
99303
99352
100120
100334
100353
100364
100437
100550
100555
101032
101653
101775
101848
102180
102180
102654
102719
103723
103730
104718
104795
105074
105915
106429
106706
108088
109885
110042
110217
110289
110321
110387
110574
110842
111094
111280
111680
111815
111950
113090
113201
113389
113769
114138
114417
115117
115388
115585
116239
116723
117415
117495
119542
119830
119879
120059
120825
123300
124559
124859
125097
125311
125451
130751
130889
133165
133216
134057
135645
136002
136108
136446
136786
137217
137805
138174
138947
138996
139010
139467
139670
140320
140780
141132
141871
142819
142989
143098
143552
143823
144966
145157
145583
145891
146710
147421
147533
147915
148067
149042
149053
150033
150085
150295
150446
150454
150481
150724
150726
151238
152997
153884
154202
154441
154597
154855
154927
155113
156581
156606
157346
157956
158965
159258
159418
159420
160017
161492
161713
161952
161963
162257
162478
163697
164698
164893
166053
166162
166789
167374
167454
168909
170644
171459
173337
173418
175816
176824
177340
177584
178328
179208
181160
181237
183241
183670
184452
186664
187051
187491
191555
191678
192382
192761
192787
197653
198261
198350
199358
200420
201358
201667
205516
206074
207571
208182
208255
208302
209375
209554
213974
214146
214287
217622
218668
219278
220593
223059
223201
223922
224162
225015
226040
226138
226201
227833
228152
229183
230628
232208
233352
233705
234996
235143
236350
236750
237161
237188
237656
238119
238555
239005
241246
241985
242916
244339
244573
245023
245223
245675
249517
249680
250681
250779
252044
254631
256062
256657
257426
257555
258880
260934
261532
261889
262253
262273
262732
263118
267527
267579
267717
268651
270672
271027
271883
271998
273088
273658
273825
274012
275611
276022
277343
278156
278252
278979
279793
280011
280238
280253
280286
281430
282480
283932
284206
284221
284324
285315
285630
286758
286865
287055
287293
288426
288933
289211
289574
289755
289866
290228
290879
291265
291799
292593
292797
293162
293409
293945
293969
294323
295277
295401
296069
296596
298133
298321
299015
299485
300306
301462
301480
301596
301692
301906
301933
302110
302615
303365
303804
304531
305874
306844
307236
307610
308165
308221
309693
309882
310029
310342
310685
310725
310932
311992
312338
313026
313234
314608
314718
316504
316648
318151
318971
320676
322297
324518
325154
326461
327314
327615
327661
327913
327913
328082
328426
329842
331481
333301
334207
335121
337503
337958
337979
339652
341866
342077
342973
343272
344651
345771
347430
347756
350345
350539
351031
351852
352298
352619
353238
354368
354471
357584
358247
358509
360102
360322
360899
361850
362011
363256
363991
366167
366392
366504
366945
367387
367413
368965
369665
369803
370320
370445
371138
371366
372142
372245
372479
374949
375356
375760
376623
376774
377622
377800
378932
379583
380029
380425
381164
382433
382540
383239
384181
384432
384759
385899
386028
386030
386059
387096
387631
387691
387694
388933
390007
390221
390573
392320
392656
393171
393383
393510
394122
394244
394590
395413
396461
396737
399728
401184
401260
401309
401550
401877
401937
402497
402537
402573
402648
402945
403026
403156
403220
403417
403763
404361
404437
405708
405790
406413
406679
407546
409251
409687
409701
410049
410066
410389
410523
410586
412110
412181
412286
413351
414145
415669
416931
417049
417308
417319
417635
418708
418936
418961
419274
419658
419718
419750
420563
421225
421260
421353
421457
421831
423056
424271
425620
426251
428039
428149
428295
428358
428441
428516
428835
429151
429786
429962
430505
430658
430675
431824
432232
432502
432517
432851
433562
433604
433779
434723
434849
435273
435521
435536
436280
436511
437123
437216
437467
437517
438342
438906
439371
439464
440054
440310
441045
441997
442331
442939
443073
443203
443562
443961
444226
444514
444873
445113
445664
446341
446584
447301
447371
447648
448508
448587
448669
448840
449630
449934
450147
450314
450609
450818
450827
450899
451013
451323
451364
451455
451633
452319
453333
453408
453462
454500
454771
454787
454813
455952
455996
456607
456684
457585
457630
458021
458198
458286
458435
458702
458763
459204
459305
459742
459833
460329
460621
461246
461629
461967
462012
462669
462888
462933
463174
463894
464866
464896
464952
465764
466078
466598
466868
468169
468637
468876
469125
469438
469504
469781
470040
470245
471909
472470
472686
472724
472748
472790
473634
473634
474259
474317
474827
475009
475147
476149
476279
476298
477042
477265
477424
477742
477862
478402
479545
479723
479983
479994
480739
481207
481755
481759
481978
482607
482707
482740
483046
483153
483636
483732
483976
485605
485673
485749
486275
486523
486688
486855
487228
487769
488520
488734
489374
489603
489636
489850
490078
490137
491491
491633
491821
492825
493191
493201
493493
493747
493988
494242
494434
494909
495433
495708
497082
497223
497241
497314
497470
497810
499379
499428
499822
499956
500409
500433
500442
500526
501066
501871
502212
502303
502367
502521
502838
503491
503525
504214
504303
504425
504478
505194
505610
505784
506019
506026
506612
506900
507025
507040
507086
507564
508179
508363
508842
509081
509343
509507
509614
509630
510000
510121
510322
510608
510613
511710
512313
512387
512456
512904
512940
512942
513222
513330
513868
514057
514339
514393
514998
515133
515209
515847
516140
516624
516963
518802
518923
519163
519529
519652
519781
519821
520509
520785
521006
522429
522787
523524
524708
525092
525421
527288
527456
527638
527940
528509
528522
528714
528989
529583
529644
530231
530660
531202
531700
532224
534085
534319
534511
535759
536060
536339
537072
537983
538180
538278
538413
538443
539029
539190
539247
539487
539623
541578
542408
542540
542591
543228
544829
545542
545718
545972
546989
548691
549017
550257
551034
551047
551526
552433
553593
555552
555705
557693
558267
561372
564947
566013
566168
567220
570176
570294
571462
571998
573065
574089
574466
576967
577285
577309
577343
577765
577837
577910
579555
579723
580046
580831
582682
583828
583938
585903
586675
587198
587527
587931
588354
589139
589338
591426
591638
591939
592645
593369
596420
598167
598243
598814
600187
601447
605190
606137
606912
608896
609821
609848
610573
619797
624382
626413
626762
631905
637812
687964
718706
731340
740832
745961
754914
22743
23282
24361
24499
29326
29489
30649
30973
31632
31896
32289
32441
33361
33979
34000
34110
34124
34304
36116
36281
36557
36765
36789
36967
37287
37581
38405
38562
38657
38974
40067
40125
40451
40906
41020
41373
41834
42007
42193
43047
43372
43535
43937
43952
44431
44634
45047
45175
45426
45485
45633
45749
45919
45988
46015
46359
46628
46681
46832
47014
47929
48126
48132
48134
48233
48388
48501
48641
48943
49225
49373
49497
49499
49596
49711
49914
50152
50187
50512
50515
51051
51248
51279
51606
51609
51659
51716
51867
51939
52045
52277
52379
52738
52786
52899
52966
53005
53056
53437
53602
53683
53920
53921
54202
54381
54548
54598
54906
55294
55330
55335
55464
56122
56557
56586
56587
56709
56874
56914
56953
57058
57300
57419
57543
57737
57789
57830
57863
57883
57965
58233
58271
58430
58639
58665
58713
58763
59001
59051
59193
59333
59526
59634
59709
59772
59919
60135
60498
61125
61139
61238
61295
61486
61697
61722
61753
62028
62173
62479
62557
62705
62755
63348
63352
63720
63738
63822
63839
63907
63922
63938
63950
64183
64275
64286
65118
65244
65471
65518
65843
66032
66148
66168
66241
66300
66446
66450
66507
66644
66747
66753
66971
66994
67187
67338
67451
67468
67565
67666
67703
67790
67911
67951
68113
68258
68521
68554
68570
68631
68663
68701
68843
68910
68914
68973
68984
68989
69205
69449
69823
69901
70059
70339
70421
70566
70627
70698
70912
71269
71381
71607
71694
72359
72628
72630
72639
72676
72706
72941
73367
73447
73798
73800
73858
73868
73973
74126
74148
74207
74285
74591
74712
74858
75208
75245
75430
75472
75552
75612
75842
75919
75958
76152
76311
76393
76398
76654
76687
76851
76858
76925
76961
77075
77500
77559
77586
77614
77854
77958
77963
78056
78352
78363
78506
78510
78558
78744
78766
78982
79010
79054
79497
79528
79533
79687
80442
80662
80718
80930
81102
81164
81515
81543
81554
81559
82094
82207
82348
82578
82914
83327
83455
83881
84525
84762
85074
85117
85704
85984
86135
86875
87242
87260
87497
88023
88051
88411
88509
89265
89329
89904
89925
90006
90375
90659
90953
91024
91141
91241
91756
91823
91861
91963
92259
92451
92776
93004
93107
93187
93271
93397
93474
93811
93976
93994
94071
94440
94463
94591
94636
94686
94811
94827
94880
95072
95163
95351
95963
95983
96776
97095
97554
97800
98145
98426
98946
99303
99352
100120
100334
100353
100364
100437
100550
100555
101032
101653
101775
101848
102180
102180
102654
102719
103723
103730
104718
104795
105074
105915
106429
106706
108088
109885
110042
110217
110289
110321
110387
110574
110842
111094
111280
111680
111815
111950
113090
113201
113389
113769
114138
114417
115117
115388
115585
116239
116723
117415
117495
119542
119830
119879
120059
120825
123300
124559
124859
125097
125311
125451
130751
130889
133165
133216
134057
135645
136002
136108
136446
136786
137217
137805
138174
138947
138996
139010
139467
139670
140320
140780
141132
141871
142819
142989
143098
143552
143823
144966
145157
145583
145891
146710
147421
147533
147915
148067
149042
149053
150033
150085
150295
150446
150454
150481
150724
150726
151238
152997
153884
154202
154441
154597
154855
154927
155113
156581
156606
157346
157956
158965
159258
159418
159420
160017
161492
161713
161952
161963
162257
162478
163697
164698
164893
166053
166162
166789
167374
167454
168909
170644
171459
173337
173418
175816
176824
177340
177584
178328
179208
181160
181237
183241
183670
184452
186664
187051
187491
191555
191678
192382
192761
192787
197653
198261
198350
199358
200420
201358
201667
205516
206074
207571
208182
208255
208302
209375
209554
213974
214146
214287
217622
218668
219278
220593
223059
223201
223922
224162
225015
226040
226138
226201
227833
228152
229183
230628
232208
233352
233705
234996
235143
236350
236750
237161
237188
237656
238119
238555
239005
241246
241985
242916
244339
244573
245023
245223
245675
249517
249680
250681
250779
252044
254631
256062
256657
257426
257555
258880
260934
261532
261889
262253
262273
262732
263118
267527
267579
267717
268651
270672
271027
271883
271998
273088
273658
273825
274012
275611
276022
277343
278156
278252
278979
279793
280011
280238
280253
280286
281430
282480
283932
284206
284221
284324
285315
285630
286758
286865
287055
287293
288426
288933
289211
289574
289755
289866
290228
290879
291265
291799
292593
292797
293162
293409
293945
293969
294323
295277
295401
296069
296596
298133
298321
299015
299485
300306
301462
301480
301596
301692
301906
301933
302110
302615
303365
303804
304531
305874
306844
307236
307610
308165
308221
309693
309882
310029
310342
310685
310725
310932
311992
312338
313026
313234
314608
314718
316504
316648
318151
318971
320676
322297
324518
325154
326461
327314
327615
327661
327913
327913
328082
328426
329842
331481
333301
334207
335121
337503
337958
337979
339652
341866
342077
342973
343272
344651
345771
347430
347756
350345
350539
351031
351852
352298
352619
353238
354368
354471
357584
358247
358509
360102
360322
360899
361850
362011
363256
363991
366167
366392
366504
366945
367387
367413
368965
369665
369803
370320
370445
371138
371366
372142
372245
372479
374949
375356
375760
376623
376774
377622
377800
378932
379583
380029
380425
381164
382433
382540
383239
384181
384432
384759
385899
386028
386030
386059
387096
387631
387691
387694
388933
390007
390221
390573
392320
392656
393171
393383
393510
394122
394244
394590
395413
396461
396737
399728
401184
401260
401309
401550
401877
401937
402497
402537
402573
402648
402945
403026
403156
403220
403417
403763
404361
404437
405708
405790
406413
406679
407546
409251
409687
409701
410049
410066
410389
410523
410586
412110
412181
412286
413351
414145
415669
416931
417049
417308
417319
417635
418708
418936
418961
419274
419658
419718
419750
420563
421225
421260
421353
421457
421831
423056
424271
425620
426251
428039
428149
428295
428358
428441
428516
428835
429151
429786
429962
430505
430658
430675
431824
432232
432502
432517
432851
433562
433604
433779
434723
434849
435273
435521
435536
436280
436511
437123
437216
437467
437517
438342
438906
439371
439464
440054
440310
441045
441997
442331
442939
443073
443203
443562
443961
444226
444514
444873
445113
445664
446341
446584
447301
447371
447648
448508
448587
448669
448840
449630
449934
450147
450314
450609
450818
450827
450899
451013
451323
451364
451455
451633
452319
453333
453408
453462
454500
454771
454787
454813
455952
455996
456607
456684
457585
457630
458021
458198
458286
458435
458702
458763
459204
459305
459742
459833
460329
460621
461246
461629
461967
462012
462669
462888
462933
463174
463894
464866
464896
464952
465764
466078
466598
466868
468169
468637
468876
469125
469438
469504
469781
470040
470245
471909
472470
472686
472724
472748
472790
473634
473634
474259
474317
474827
475009
475147
476149
476279
476298
477042
477265
477424
477742
477862
478402
479545
479723
479983
479994
480739
481207
481755
481759
481978
482607
482707
482740
483046
483153
483636
483732
483976
485605
485673
485749
486275
486523
486688
486855
487228
487769
488520
488734
489374
489603
489636
489850
490078
490137
491491
491633
491821
492825
493191
493201
493493
493747
493988
494242
494434
494909
495433
495708
497082
497223
497241
497314
497470
497810
499379
499428
499822
499956
500409
500433
500442
500526
501066
501871
502212
502303
502367
502521
502838
503491
503525
504214
504303
504425
504478
505194
505610
505784
506019
506026
506612
506900
507025
507040
507086
507564
508179
508363
508842
509081
509343
509507
509614
509630
510000
510121
510322
510608
510613
511710
512313
512387
512456
512904
512940
512942
513222
513330
513868
514057
514339
514393
514998
515133
515209
515847
516140
516624
516963
518802
518923
519163
519529
519652
519781
519821
520509
520785
521006
522429
522787
523524
524708
525092
525421
527288
527456
527638
527940
528509
528522
528714
528989
529583
529644
530231
530660
531202
531700
532224
534085
534319
534511
535759
536060
536339
537072
537983
538180
538278
538413
538443
539029
539190
539247
539487
539623
541578
542408
542540
542591
543228
544829
545542
545718
545972
546989
548691
549017
550257
551034
551047
551526
552433
553593
555552
555705
557693
558267
561372
564947
566013
566168
567220
570176
570294
571462
571998
573065
574089
574466
576967
577285
577309
577343
577765
577837
577910
579555
579723
580046
580831
582682
583828
583938
585903
586675
587198
587527
587931
588354
589139
589338
591426
591638
591939
592645
593369
596420
598167
598243
598814
600187
601447
605190
606137
606912
608896
609821
609848
610573
619797
624382
626413
626762
631905
637812
687964
718706
731340
740832
745961
754914
22743
23282
24361
24499
29326
29489
30649
30973
31632
31896
32289
32441
33361
33979
34000
34110
34124
34304
36116
36281
36557
36765
36789
36967
37287
37581
38405
38562
38657
38974
40067
40125
40451
40906
41020
41373
41834
42007
42193
43047
43372
43535
43937
43952
44431
44634
45047
45175
45426
45485
45633
45749
45919
45988
46015
46359
46628
46681
46832
47014
47929
48126
48132
48134
48233
48388
48501
48641
48943
49225
49373
49497
49499
49596
49711
49914
50152
50187
50512
50515
51051
51248
51279
51606
51609
51659
51716
51867
51939
52045
52277
52379
52738
52786
52899
52966
53005
53056
53437
53602
53683
53920
53921
54202
54381
54548
54598
54906
55294
55330
55335
55464
56122
56557
56586
56587
56709
56874
56914
56953
57058
57300
57419
57543
57737
57789
57830
57863
57883
57965
58233
58271
58430
58639
58665
58713
58763
59001
59051
59193
59333
59526
59634
59709
59772
59919
60135
60498
61125
61139
61238
61295
61486
61697
61722
61753
62028
62173
62479
62557
62705
62755
63348
63352
63720
63738
63822
63839
63907
63922
63938
63950
64183
64275
64286
65118
65244
65471
65518
65843
66032
66148
66168
66241
66300
66446
66450
66507
66644
66747
66753
66971
66994
67187
67338
67451
67468
67565
67666
67703
67790
67911
67951
68113
68258
68521
68554
68570
68631
68663
68701
68843
68910
68914
68973
68984
68989
69205
69449
69823
69901
70059
70339
70421
70566
70627
70698
70912
71269
71381
71607
71694
72359
72628
72630
72639
72676
72706
72941
73367
73447
73798
73800
73858
73868
73973
74126
74148
74207
74285
74591
74712
74858
75208
75245
75430
75472
75552
75612
75842
75919
75958
76152
76311
76393
76398
76654
76687
76851
76858
76925
76961
77075
77500
77559
77586
77614
77854
77958
77963
78056
78352
78363
78506
78510
78558
78744
78766
78982
79010
79054
79497
79528
79533
79687
80442
80662
80718
80930
81102
81164
81515
81543
81554
81559
82094
82207
82348
82578
82914
83327
83455
83881
84525
84762
85074
85117
85704
85984
86135
86875
87242
87260
87497
88023
88051
88411
88509
89265
89329
89904
89925
90006
90375
90659
90953
91024
91141
91241
91756
91823
91861
91963
92259
92451
92776
93004
93107
93187
93271
93397
93474
93811
93976
93994
94071
94440
94463
94591
94636
94686
94811
94827
94880
95072
95163
95351
95963
95983
96776
97095
97554
97800
98145
98426
98946
99303
99352
100120
100334
100353
100364
100437
100550
100555
101032
101653
101775
101848
102180
102180
102654
102719
103723
103730
104718
104795
105074
105915
106429
106706
108088
109885
110042
110217
110289
110321
110387
110574
110842
111094
111280
111680
111815
111950
113090
113201
113389
113769
114138
114417
115117
115388
115585
116239
116723
117415
117495
119542
119830
119879
120059
120825
123300
124559
124859
125097
125311
125451
130751
130889
133165
133216
134057
135645
136002
136108
136446
136786
137217
137805
138174
138947
138996
139010
139467
139670
140320
140780
141132
141871
142819
142989
143098
143552
143823
144966
145157
145583
145891
146710
147421
147533
147915
148067
149042
149053
150033
150085
150295
150446
150454
150481
150724
150726
151238
152997
153884
154202
154441
154597
154855
154927
155113
156581
156606
157346
157956
158965
159258
159418
159420
160017
161492
161713
161952
161963
162257
162478
163697
164698
164893
166053
166162
166789
167374
167454
168909
170644
171459
173337
173418
175816
176824
177340
177584
178328
179208
181160
181237
183241
183670
184452
186664
187051
187491
191555
191678
192382
192761
192787
197653
198261
198350
199358
200420
201358
201667
205516
206074
207571
208182
208255
208302
209375
209554
213974
214146
214287
217622
218668
219278
220593
223059
223201
223922
224162
225015
226040
226138
226201
227833
228152
229183
230628
232208
233352
233705
234996
235143
236350
236750
237161
237188
237656
238119
238555
239005
241246
241985
242916
244339
244573
245023
245223
245675
249517
249680
250681
250779
252044
254631
256062
256657
257426
257555
258880
260934
261532
261889
262253
262273
262732
263118
267527
267579
267717
268651
270672
271027
271883
271998
273088
273658
273825
274012
275611
276022
277343
278156
278252
278979
279793
280011
280238
280253
280286
281430
282480
283932
284206
284221
284324
285315
285630
286758
286865
287055
287293
288426
288933
289211
289574
289755
289866
290228
290879
291265
291799
292593
292797
293162
293409
293945
293969
294323
295277
295401
296069
296596
298133
298321
299015
299485
300306
301462
301480
301596
301692
301906
301933
302110
302615
303365
303804
304531
305874
306844
307236
307610
308165
308221
309693
309882
310029
310342
310685
310725
310932
311992
312338
313026
313234
314608
314718
316504
316648
318151
318971
320676
322297
324518
325154
326461
327314
327615
327661
327913
327913
328082
328426
329842
331481
333301
334207
335121
337503
337958
337979
339652
341866
342077
342973
343272
344651
345771
347430
347756
350345
350539
351031
351852
352298
352619
353238
354368
354471
357584
358247
358509
360102
360322
360899
361850
362011
363256
363991
366167
366392
366504
366945
367387
367413
368965
369665
369803
370320
370445
371138
371366
372142
372245
372479
374949
375356
375760
376623
376774
377622
377800
378932
379583
380029
380425
381164
382433
382540
383239
384181
384432
384759
385899
386028
386030
386059
387096
387631
387691
387694
388933
390007
390221
390573
392320
392656
393171
393383
393510
394122
394244
394590
395413
396461
396737
399728
401184
401260
401309
401550
401877
401937
402497
402537
402573
402648
402945
403026
403156
403220
403417
403763
404361
404437
405708
405790
406413
406679
407546
409251
409687
409701
410049
410066
410389
410523
410586
412110
412181
412286
413351
414145
415669
416931
417049
417308
417319
417635
418708
418936
418961
419274
419658
419718
419750
420563
421225
421260
421353
421457
421831
423056
424271
425620
426251
428039
428149
428295
428358
428441
428516
428835
429151
429786
429962
430505
430658
430675
431824
432232
432502
432517
432851
433562
433604
433779
434723
434849
435273
435521
435536
436280
436511
437123
437216
437467
437517
438342
438906
439371
439464
440054
440310
441045
441997
442331
442939
443073
443203
443562
443961
444226
444514
444873
445113
445664
446341
446584
447301
447371
447648
448508
448587
448669
448840
449630
449934
450147
450314
450609
450818
450827
450899
451013
451323
451364
451455
451633
452319
453333
453408
453462
454500
454771
454787
454813
455952
455996
456607
456684
457585
457630
458021
458198
458286
458435
458702
458763
459204
459305
459742
459833
460329
460621
461246
461629
461967
462012
462669
462888
462933
463174
463894
464866
464896
464952
465764
466078
466598
466868
468169
468637
468876
469125
469438
469504
469781
470040
470245
471909
472470
472686
472724
472748
472790
473634
473634
474259
474317
474827
475009
475147
476149
476279
476298
477042
477265
477424
477742
477862
478402
479545
479723
479983
479994
480739
481207
481755
481759
481978
482607
482707
482740
483046
483153
483636
483732
483976
485605
485673
485749
486275
486523
486688
486855
487228
487769
488520
488734
489374
489603
489636
489850
490078
490137
491491
491633
491821
492825
493191
493201
493493
493747
493988
494242
494434
494909
495433
495708
497082
497223
497241
497314
497470
497810
499379
499428
499822
499956
500409
500433
500442
500526
501066
501871
502212
502303
502367
502521
502838
503491
503525
504214
504303
504425
504478
505194
505610
505784
506019
506026
506612
506900
507025
507040
507086
507564
508179
508363
508842
509081
509343
509507
509614
509630
510000
510121
510322
510608
510613
511710
512313
512387
512456
512904
512940
512942
513222
513330
513868
514057
514339
514393
514998
515133
515209
515847
516140
516624
516963
518802
518923
519163
519529
519652
519781
519821
520509
520785
521006
522429
522787
523524
524708
525092
525421
527288
527456
527638
527940
528509
528522
528714
528989
529583
529644
530231
530660
531202
531700
532224
534085
534319
534511
535759
536060
536339
537072
537983
538180
538278
538413
538443
539029
539190
539247
539487
539623
541578
542408
542540
542591
543228
544829
545542
545718
545972
546989
548691
549017
550257
551034
551047
551526
552433
553593
555552
555705
557693
558267
561372
564947
566013
566168
567220
570176
570294
571462
571998
573065
574089
574466
576967
577285
577309
577343
577765
577837
577910
579555
579723
580046
580831
582682
583828
583938
585903
586675
587198
587527
587931
588354
589139
589338
591426
591638
591939
592645
593369
596420
598167
598243
598814
600187
601447
605190
606137
606912
608896
609821
609848
610573
619797
624382
626413
626762
631905
637812
687964
718706
731340
740832
745961
754914
22743
23282
24361
24499
29326
29489
30649
30973
31632
31896
32289
32441
33361
33979
34000
34110
34124
34304
36116
36281
36557
36765
36789
36967
37287
37581
38405
38562
38657
38974
40067
40125
40451
40906
41020
41373
41834
42007
42193
43047
43372
43535
43937
43952
44431
44634
45047
45175
45426
45485
45633
45749
45919
45988
46015
46359
46628
46681
46832
47014
47929
48126
48132
48134
48233
48388
48501
48641
48943
49225
49373
49497
49499
49596
49711
49914
50152
50187
50512
50515
51051
51248
51279
51606
51609
51659
51716
51867
51939
52045
52277
52379
52738
52786
52899
52966
53005
53056
53437
53602
53683
53920
53921
54202
54381
54548
54598
54906
55294
55330
55335
55464
56122
56557
56586
56587
56709
56874
56914
56953
57058
57300
57419
57543
57737
57789
57830
57863
57883
57965
58233
58271
58430
58639
58665
58713
58763
59001
59051
59193
59333
59526
59634
59709
59772
59919
60135
60498
61125
61139
61238
61295
61486
61697
61722
61753
62028
62173
62479
62557
62705
62755
63348
63352
63720
63738
63822
63839
63907
63922
63938
63950
64183
64275
64286
65118
65244
65471
65518
65843
66032
66148
66168
66241
66300
66446
66450
66507
66644
66747
66753
66971
66994
67187
67338
67451
67468
67565
67666
67703
67790
67911
67951
68113
68258
68521
68554
68570
68631
68663
68701
68843
68910
68914
68973
68984
68989
69205
69449
69823
69901
70059
70339
70421
70566
70627
70698
70912
71269
71381
71607
71694
72359
72628
72630
72639
72676
72706
72941
73367
73447
73798
73800
73858
73868
73973
74126
74148
74207
74285
74591
74712
74858
75208
75245
75430
75472
75552
75612
75842
75919
75958
76152
76311
76393
76398
76654
76687
76851
76858
76925
76961
77075
77500
77559
77586
77614
77854
77958
77963
78056
78352
78363
78506
78510
78558
78744
78766
78982
79010
79054
79497
79528
79533
79687
80442
80662
80718
80930
81102
81164
81515
81543
81554
81559
82094
82207
82348
82578
82914
83327
83455
83881
84525
84762
85074
85117
85704
85984
86135
86875
87242
87260
87497
88023
88051
88411
88509
89265
89329
89904
89925
90006
90375
90659
90953
91024
91141
91241
91756
91823
91861
91963
92259
92451
92776
93004
93107
93187
93271
93397
93474
93811
93976
93994
94071
94440
94463
94591
94636
94686
94811
94827
94880
95072
95163
95351
95963
95983
96776
97095
97554
97800
98145
98426
98946
99303
99352
100120
100334
100353
100364
100437
100550
100555
101032
101653
101775
101848
102180
102180
102654
102719
103723
103730
104718
104795
105074
105915
106429
106706
108088
109885
110042
110217
110289
110321
110387
110574
110842
111094
111280
111680
111815
111950
113090
113201
113389
113769
114138
114417
115117
115388
115585
116239
116723
117415
117495
119542
119830
119879
120059
120825
123300
124559
124859
125097
125311
125451
130751
130889
133165
133216
134057
135645
136002
136108
136446
136786
137217
137805
138174
138947
138996
139010
139467
139670
140320
140780
141132
141871
142819
142989
143098
143552
143823
144966
145157
145583
145891
146710
147421
147533
147915
148067
149042
149053
150033
150085
150295
150446
150454
150481
150724
150726
151238
152997
153884
154202
154441
154597
154855
154927
155113
156581
156606
157346
157956
158965
159258
159418
159420
160017
161492
161713
161952
161963
162257
162478
163697
164698
164893
166053
166162
166789
167374
167454
168909
170644
171459
173337
173418
175816
176824
177340
177584
178328
179208
181160
181237
183241
183670
184452
186664
187051
187491
191555
191678
192382
192761
192787
197653
198261
198350
199358
200420
201358
201667
205516
206074
207571
208182
208255
208302
209375
209554
213974
214146
214287
217622
218668
219278
220593
223059
223201
223922
224162
225015
226040
226138
226201
227833
228152
229183
230628
232208
233352
233705
234996
235143
236350
236750
237161
237188
237656
238119
238555
239005
241246
241985
242916
244339
244573
245023
245223
245675
249517
249680
250681
250779
252044
254631
256062
256657
257426
257555
258880
260934
261532
261889
262253
262273
262732
263118
267527
267579
267717
268651
270672
271027
271883
271998
273088
273658
273825
274012
275611
276022
277343
278156
278252
278979
279793
280011
280238
280253
280286
281430
282480
283932
284206
284221
284324
285315
285630
286758
286865
287055
287293
288426
288933
289211
289574
289755
289866
290228
290879
291265
291799
292593
292797
293162
293409
293945
293969
294323
295277
295401
296069
296596
298133
298321
299015
299485
300306
301462
301480
301596
301692
301906
301933
302110
302615
303365
303804
304531
305874
306844
307236
307610
308165
308221
309693
309882
310029
310342
310685
310725
310932
311992
312338
313026
313234
314608
314718
316504
316648
318151
318971
320676
322297
324518
325154
326461
327314
327615
327661
327913
327913
328082
328426
329842
331481
333301
334207
335121
337503
337958
337979
339652
341866
342077
342973
343272
344651
345771
347430
347756
350345
350539
351031
351852
352298
352619
353238
354368
354471
357584
358247
358509
360102
360322
360899
361850
362011
363256
363991
366167
366392
366504
366945
367387
367413
368965
369665
369803
370320
370445
371138
371366
372142
372245
372479
374949
375356
375760
376623
376774
377622
377800
378932
379583
380029
380425
381164
382433
382540
383239
384181
384432
384759
385899
386028
386030
386059
387096
387631
387691
387694
388933
390007
390221
390573
392320
392656
393171
393383
393510
394122
394244
394590
395413
396461
396737
399728
401184
401260
401309
401550
401877
401937
402497
402537
402573
402648
402945
403026
403156
403220
403417
403763
404361
404437
405708
405790
406413
406679
407546
409251
409687
409701
410049
410066
410389
410523
410586
412110
412181
412286
413351
414145
415669
416931
417049
417308
417319
417635
418708
418936
418961
419274
419658
419718
419750
420563
421225
421260
421353
421457
421831
423056
424271
425620
426251
428039
428149
428295
428358
428441
428516
428835
429151
429786
429962
430505
430658
430675
431824
432232
432502
432517
432851
433562
433604
433779
434723
434849
435273
435521
435536
436280
436511
437123
437216
437467
437517
438342
438906
439371
439464
440054
440310
441045
441997
442331
442939
443073
443203
443562
443961
444226
444514
444873
445113
445664
446341
446584
447301
447371
447648
448508
448587
448669
448840
449630
449934
450147
450314
450609
450818
450827
450899
451013
451323
451364
451455
451633
452319
453333
453408
453462
454500
454771
454787
454813
455952
455996
456607
456684
457585
457630
458021
458198
458286
458435
458702
458763
459204
459305
459742
459833
460329
460621
461246
461629
461967
462012
462669
462888
462933
463174
463894
464866
464896
464952
465764
466078
466598
466868
468169
468637
468876
469125
469438
469504
469781
470040
470245
471909
472470
472686
472724
472748
472790
473634
473634
474259
474317
474827
475009
475147
476149
476279
476298
477042
477265
477424
477742
477862
478402
479545
479723
479983
479994
480739
481207
481755
481759
481978
482607
482707
482740
483046
483153
483636
483732
483976
485605
485673
485749
486275
486523
486688
486855
487228
487769
488520
488734
489374
489603
489636
489850
490078
490137
491491
491633
491821
492825
493191
493201
493493
493747
493988
494242
494434
494909
495433
495708
497082
497223
497241
497314
497470
497810
499379
499428
499822
499956
500409
500433
500442
500526
501066
501871
502212
502303
502367
502521
502838
503491
503525
504214
504303
504425
504478
505194
505610
505784
506019
506026
506612
506900
507025
507040
507086
507564
508179
508363
508842
509081
509343
509507
509614
509630
510000
510121
510322
510608
510613
511710
512313
512387
512456
512904
512940
512942
513222
513330
513868
514057
514339
514393
514998
515133
515209
515847
516140
516624
516963
518802
518923
519163
519529
519652
519781
519821
520509
520785
521006
522429
522787
523524
524708
525092
525421
527288
527456
527638
527940
528509
528522
528714
528989
529583
529644
530231
530660
531202
531700
532224
534085
534319
534511
535759
536060
536339
537072
537983
538180
538278
538413
538443
539029
539190
539247
539487
539623
541578
542408
542540
542591
543228
544829
545542
545718
545972
546989
548691
549017
550257
551034
551047
551526
552433
553593
555552
555705
557693
558267
561372
564947
566013
566168
567220
570176
570294
571462
571998
573065
574089
574466
576967
577285
577309
577343
577765
577837
577910
579555
579723
580046
580831
582682
583828
583938
585903
586675
587198
587527
587931
588354
589139
589338
591426
591638
591939
592645
593369
596420
598167
598243
598814
600187
601447
605190
606137
606912
608896
609821
609848
610573
619797
624382
626413
626762
631905
637812
687964
718706
731340
740832
745961
754914
