49547
113442
145105
150935
162539
169154
181129
215884
216274
220033
220062
221612
221722
225528
227489
228508
228613
228952
230899
231661
233159
234993
236484
236537
238769
239550
239843
239996
240528
240542
248935
249419
251367
253532
253677
253850
253908
256888
257148
257155
257776
259017
259739
260053
260075
260291
262968
263625
263757
264060
264212
264805
265587
265934
265969
268152
272549
273917
275706
279276
288876
289428
294512
297436
297715
298065
300351
300451
301357
302617
305750
307668
311176
312961
315115
315461
315771
316277
317358
317462
317583
318874
319764
320269
321545
325064
335175
335968
339424
349065
353561
364958
365861
367919
375130
380119
384797
387277
387421
388259
389782
392995
393954
396667
397814
397910
402442
402451
405078
405253
406528
407960
408179
411456
416631
419044
423662
426675
427607
428012
428263
429844
430713
433056
434249
435280
437237
437849
438194
442632
442899
444518
448496
452410
453856
454049
457863
458163
459290
461176
461771
462470
462472
463269
463316
465228
465312
465393
466680
467771
469135
469332
470989
471338
471560
472067
472936
473668
474424
475586
476115
476603
478045
478187
478860
479090
479158
479228
479767
480167
480920
480982
482414
482768
482813
482896
483422
483797
484395
484790
485987
486624
486942
486976
487515
488233
488374
488509
489053
489921
491942
491973
492847
493422
493561
493714
494101
494378
494973
495015
495540
496428
496732
498294
498376
498623
499293
499380
499509
499695
499871
499981
500209
501060
502478
502566
502664
503431
504483
505250
505926
506433
506578
506602
507555
507964
508216
508733
510564
510655
510929
511045
511239
511456
511791
512120
513040
513851
513974
514100
514243
514323
514413
515079
516355
516500
516501
516550
517102
517160
517661
517766
517842
518143
518187
518967
519184
520270
520311
520774
520823
521178
521278
521385
521716
521828
522181
522259
522623
522636
522676
523252
523314
523553
523591
524323
524325
524413
524717
524761
524860
524867
525295
525368
525866
525911
525988
526463
526627
526926
527100
527139
527161
527355
527401
527867
527920
528345
528529
528736
529080
529267
529366
529473
529747
529875
529935
530216
530340
530441
530496
530838
530946
531163
531433
531643
531955
532129
532399
532803
533118
533355
533476
533576
533659
533662
534225
534280
534294
534301
534609
534760
534983
535094
535173
535191
535385
535534
535712
535743
535861
536002
536007
536242
536463
536611
536898
537147
537244
537666
537796
537818
538276
538306
538545
538548
538579
538678
538705
538759
539236
539273
539426
539509
539631
539643
539689
539690
539979
540234
540346
540421
541535
541708
541768
542402
542533
542704
542779
542855
542866
542972
543527
543589
543621
543681
543731
543955
544018
544482
544496
544650
544707
544883
545180
545347
545455
545618
545656
545663
545668
545845
546031
546058
546186
546253
546367
546442
546635
546950
546974
547264
547349
547369
547471
547488
547616
547802
547826
548068
548287
548289
548467
548617
548789
548810
548851
548897
549008
549164
549273
549323
549329
549417
549549
549988
550146
550229
550530
550639
550817
551112
551137
551182
551200
551208
551414
551749
551867
552011
552416
552445
552516
553133
553231
553263
553390
553572
553903
553987
553988
554208
554247
554300
554330
554338
554521
554575
554713
554811
554949
555298
555472
555947
556000
556022
556074
556128
556342
556735
556800
556937
557210
557409
557618
557622
557850
558270
558335
558563
558740
558834
558953
559221
559416
559475
559529
559621
559795
559842
559896
560214
560277
560301
560367
560541
560542
560611
561360
561747
561775
561870
561994
562033
562072
562073
562412
562514
562522
562860
562986
563357
563497
563526
564472
564515
564548
564551
564649
564650
564734
564756
565002
565269
565525
565570
565681
565893
565940
565945
565975
566107
566342
566490
566722
566756
567278
567298
567476
567483
567484
567512
567523
567681
568047
568175
568180
568433
568625
569373
569494
569646
570031
570955
571262
571519
571789
572257
572467
572824
572851
573045
573453
574249
574251
574598
576378
576805
576951
577175
578564
579451
579630
579679
580008
580144
580177
580310
580441
580471
580748
580887
581300
582131
583191
583445
584273
586353
586378
586600
587180
587360
587430
587660
587802
588380
588496
588549
589749
590133
590302
591752
591901
593016
593258
593356
593497
593575
593877
594099
595794
596163
597026
597185
597870
597877
598162
598277
598854
599179
599225
599563
599661
600231
600231
600693
601395
601952
602259
602317
602397
602515
602627
603136
603210
603579
604021
605370
605653
605770
605789
605961
606246
606306
608486
609659
609803
610037
610435
611144
611492
611721
612735
612856
612899
613098
613388
614181
614272
614924
615047
615098
615320
616147
616879
617913
618570
618823
618963
619859
620337
620804
620972
621198
621241
622075
623000
623010
623050
623132
624330
625717
625749
626013
627021
627948
628158
628747
630608
630896
631501
632530
633391
633536
634570
636154
636161
637481
638834
639299
639763
640744
642764
644435
645271
645309
647433
647743
648011
648055
650440
650888
652024
652565
652815
655621
656671
660514
662075
662339
662634
663475
663587
666065
666511
667221
667390
668818
669463
669787
669991
673558
675713
676829
678276
686454
697851
699378
702554
703481
708397
713172
715080
715899
718395
719717
720235
721513
726385
742229
754010
49547
113442
145105
150935
162539
169154
181129
215884
216274
220033
220062
221612
221722
225528
227489
228508
228613
228952
230899
231661
233159
234993
236484
236537
238769
239550
239843
239996
240528
240542
248935
249419
251367
253532
253677
253850
253908
256888
257148
257155
257776
259017
259739
260053
260075
260291
262968
263625
263757
264060
264212
264805
265587
265934
265969
268152
272549
273917
275706
279276
288876
289428
294512
297436
297715
298065
300351
300451
301357
302617
305750
307668
311176
312961
315115
315461
315771
316277
317358
317462
317583
318874
319764
320269
321545
325064
335175
335968
339424
349065
353561
364958
365861
367919
375130
380119
384797
387277
387421
388259
389782
392995
393954
396667
397814
397910
402442
402451
405078
405253
406528
407960
408179
411456
416631
419044
423662
426675
427607
428012
428263
429844
430713
433056
434249
435280
437237
437849
438194
442632
442899
444518
448496
452410
453856
454049
457863
458163
459290
461176
461771
462470
462472
463269
463316
465228
465312
465393
466680
467771
469135
469332
470989
471338
471560
472067
472936
473668
474424
475586
476115
476603
478045
478187
478860
479090
479158
479228
479767
480167
480920
480982
482414
482768
482813
482896
483422
483797
484395
484790
485987
486624
486942
486976
487515
488233
488374
488509
489053
489921
491942
491973
492847
493422
493561
493714
494101
494378
494973
495015
495540
496428
496732
498294
498376
498623
499293
499380
499509
499695
499871
499981
500209
501060
502478
502566
502664
503431
504483
505250
505926
506433
506578
506602
507555
507964
508216
508733
510564
510655
510929
511045
511239
511456
511791
512120
513040
513851
513974
514100
514243
514323
514413
515079
516355
516500
516501
516550
517102
517160
517661
517766
517842
518143
518187
518967
519184
520270
520311
520774
520823
521178
521278
521385
521716
521828
522181
522259
522623
522636
522676
523252
523314
523553
523591
524323
524325
524413
524717
524761
524860
524867
525295
525368
525866
525911
525988
526463
526627
526926
527100
527139
527161
527355
527401
527867
527920
528345
528529
528736
529080
529267
529366
529473
529747
529875
529935
530216
530340
530441
530496
530838
530946
531163
531433
531643
531955
532129
532399
532803
533118
533355
533476
533576
533659
533662
534225
534280
534294
534301
534609
534760
534983
535094
535173
535191
535385
535534
535712
535743
535861
536002
536007
536242
536463
536611
536898
537147
537244
537666
537796
537818
538276
538306
538545
538548
538579
538678
538705
538759
539236
539273
539426
539509
539631
539643
539689
539690
539979
540234
540346
540421
541535
541708
541768
542402
542533
542704
542779
542855
542866
542972
543527
543589
543621
543681
543731
543955
544018
544482
544496
544650
544707
544883
545180
545347
545455
545618
545656
545663
545668
545845
546031
546058
546186
546253
546367
546442
546635
546950
546974
547264
547349
547369
547471
547488
547616
547802
547826
548068
548287
548289
548467
548617
548789
548810
548851
548897
549008
549164
549273
549323
549329
549417
549549
549988
550146
550229
550530
550639
550817
551112
551137
551182
551200
551208
551414
551749
551867
552011
552416
552445
552516
553133
553231
553263
553390
553572
553903
553987
553988
554208
554247
554300
554330
554338
554521
554575
554713
554811
554949
555298
555472
555947
556000
556022
556074
556128
556342
556735
556800
556937
557210
557409
557618
557622
557850
558270
558335
558563
558740
558834
558953
559221
559416
559475
559529
559621
559795
559842
559896
560214
560277
560301
560367
560541
560542
560611
561360
561747
561775
561870
561994
562033
562072
562073
562412
562514
562522
562860
562986
563357
563497
563526
564472
564515
564548
564551
564649
564650
564734
564756
565002
565269
565525
565570
565681
565893
565940
565945
565975
566107
566342
566490
566722
566756
567278
567298
567476
567483
567484
567512
567523
567681
568047
568175
568180
568433
568625
569373
569494
569646
570031
570955
571262
571519
571789
572257
572467
572824
572851
573045
573453
574249
574251
574598
576378
576805
576951
577175
578564
579451
579630
579679
580008
580144
580177
580310
580441
580471
580748
580887
581300
582131
583191
583445
584273
586353
586378
586600
587180
587360
587430
587660
587802
588380
588496
588549
589749
590133
590302
591752
591901
593016
593258
593356
593497
593575
593877
594099
595794
596163
597026
597185
597870
597877
598162
598277
598854
599179
599225
599563
599661
600231
600231
600693
601395
601952
602259
602317
602397
602515
602627
603136
603210
603579
604021
605370
605653
605770
605789
605961
606246
606306
608486
609659
609803
610037
610435
611144
611492
611721
612735
612856
612899
613098
613388
614181
614272
614924
615047
615098
615320
616147
616879
617913
618570
618823
618963
619859
620337
620804
620972
621198
621241
622075
623000
623010
623050
623132
624330
625717
625749
626013
627021
627948
628158
628747
630608
630896
631501
632530
633391
633536
634570
636154
636161
637481
638834
639299
639763
640744
642764
644435
645271
645309
647433
647743
648011
648055
650440
650888
652024
652565
652815
655621
656671
660514
662075
662339
662634
663475
663587
666065
666511
667221
667390
668818
669463
669787
669991
673558
675713
676829
678276
686454
697851
699378
702554
703481
708397
713172
715080
715899
718395
719717
720235
721513
726385
742229
754010
49547
113442
145105
150935
162539
169154
181129
215884
216274
220033
220062
221612
221722
225528
227489
228508
228613
228952
230899
231661
233159
234993
236484
236537
238769
239550
239843
239996
240528
240542
248935
249419
251367
253532
253677
253850
253908
256888
257148
257155
257776
259017
259739
260053
260075
260291
262968
263625
263757
264060
264212
264805
265587
265934
265969
268152
272549
273917
275706
279276
288876
289428
294512
297436
297715
298065
300351
300451
301357
302617
305750
307668
311176
312961
315115
315461
315771
316277
317358
317462
317583
318874
319764
320269
321545
325064
335175
335968
339424
349065
353561
364958
365861
367919
375130
380119
384797
387277
387421
388259
389782
392995
393954
396667
397814
397910
402442
402451
405078
405253
406528
407960
408179
411456
416631
419044
423662
426675
427607
428012
428263
429844
430713
433056
434249
435280
437237
437849
438194
442632
442899
444518
448496
452410
453856
454049
457863
458163
459290
461176
461771
462470
462472
463269
463316
465228
465312
465393
466680
467771
469135
469332
470989
471338
471560
472067
472936
473668
474424
475586
476115
476603
478045
478187
478860
479090
479158
479228
479767
480167
480920
480982
482414
482768
482813
482896
483422
483797
484395
484790
485987
486624
486942
486976
487515
488233
488374
488509
489053
489921
491942
491973
492847
493422
493561
493714
494101
494378
494973
495015
495540
496428
496732
498294
498376
498623
499293
499380
499509
499695
499871
499981
500209
501060
502478
502566
502664
503431
504483
505250
505926
506433
506578
506602
507555
507964
508216
508733
510564
510655
510929
511045
511239
511456
511791
512120
513040
513851
513974
514100
514243
514323
514413
515079
516355
516500
516501
516550
517102
517160
517661
517766
517842
518143
518187
518967
519184
520270
520311
520774
520823
521178
521278
521385
521716
521828
522181
522259
522623
522636
522676
523252
523314
523553
523591
524323
524325
524413
524717
524761
524860
524867
525295
525368
525866
525911
525988
526463
526627
526926
527100
527139
527161
527355
527401
527867
527920
528345
528529
528736
529080
529267
529366
529473
529747
529875
529935
530216
530340
530441
530496
530838
530946
531163
531433
531643
531955
532129
532399
532803
533118
533355
533476
533576
533659
533662
534225
534280
534294
534301
534609
534760
534983
535094
535173
535191
535385
535534
535712
535743
535861
536002
536007
536242
536463
536611
536898
537147
537244
537666
537796
537818
538276
538306
538545
538548
538579
538678
538705
538759
539236
539273
539426
539509
539631
539643
539689
539690
539979
540234
540346
540421
541535
541708
541768
542402
542533
542704
542779
542855
542866
542972
543527
543589
543621
543681
543731
543955
544018
544482
544496
544650
544707
544883
545180
545347
545455
545618
545656
545663
545668
545845
546031
546058
546186
546253
546367
546442
546635
546950
546974
547264
547349
547369
547471
547488
547616
547802
547826
548068
548287
548289
548467
548617
548789
548810
548851
548897
549008
549164
549273
549323
549329
549417
549549
549988
550146
550229
550530
550639
550817
551112
551137
551182
551200
551208
551414
551749
551867
552011
552416
552445
552516
553133
553231
553263
553390
553572
553903
553987
553988
554208
554247
554300
554330
554338
554521
554575
554713
554811
554949
555298
555472
555947
556000
556022
556074
556128
556342
556735
556800
556937
557210
557409
557618
557622
557850
558270
558335
558563
558740
558834
558953
559221
559416
559475
559529
559621
559795
559842
559896
560214
560277
560301
560367
560541
560542
560611
561360
561747
561775
561870
561994
562033
562072
562073
562412
562514
562522
562860
562986
563357
563497
563526
564472
564515
564548
564551
564649
564650
564734
564756
565002
565269
565525
565570
565681
565893
565940
565945
565975
566107
566342
566490
566722
566756
567278
567298
567476
567483
567484
567512
567523
567681
568047
568175
568180
568433
568625
569373
569494
569646
570031
570955
571262
571519
571789
572257
572467
572824
572851
573045
573453
574249
574251
574598
576378
576805
576951
577175
578564
579451
579630
579679
580008
580144
580177
580310
580441
580471
580748
580887
581300
582131
583191
583445
584273
586353
586378
586600
587180
587360
587430
587660
587802
588380
588496
588549
589749
590133
590302
591752
591901
593016
593258
593356
593497
593575
593877
594099
595794
596163
597026
597185
597870
597877
598162
598277
598854
599179
599225
599563
599661
600231
600231
600693
601395
601952
602259
602317
602397
602515
602627
603136
603210
603579
604021
605370
605653
605770
605789
605961
606246
606306
608486
609659
609803
610037
610435
611144
611492
611721
612735
612856
612899
613098
613388
614181
614272
614924
615047
615098
615320
616147
616879
617913
618570
618823
618963
619859
620337
620804
620972
621198
621241
622075
623000
623010
623050
623132
624330
625717
625749
626013
627021
627948
628158
628747
630608
630896
631501
632530
633391
633536
634570
636154
636161
637481
638834
639299
639763
640744
642764
644435
645271
645309
647433
647743
648011
648055
650440
650888
652024
652565
652815
655621
656671
660514
662075
662339
662634
663475
663587
666065
666511
667221
667390
668818
669463
669787
669991
673558
675713
676829
678276
686454
697851
699378
702554
703481
708397
713172
715080
715899
718395
719717
720235
721513
726385
742229
754010
49547
113442
145105
150935
162539
169154
181129
215884
216274
220033
220062
221612
221722
225528
227489
228508
228613
228952
230899
231661
233159
234993
236484
236537
238769
239550
239843
239996
240528
240542
248935
249419
251367
253532
253677
253850
253908
256888
257148
257155
257776
259017
259739
260053
260075
260291
262968
263625
263757
264060
264212
264805
265587
265934
265969
268152
272549
273917
275706
279276
288876
289428
294512
297436
297715
298065
300351
300451
301357
302617
305750
307668
311176
312961
315115
315461
315771
316277
317358
317462
317583
318874
319764
320269
321545
325064
335175
335968
339424
349065
353561
364958
365861
367919
375130
380119
384797
387277
387421
388259
389782
392995
393954
396667
397814
397910
402442
402451
405078
405253
406528
407960
408179
411456
416631
419044
423662
426675
427607
428012
428263
429844
430713
433056
434249
435280
437237
437849
438194
442632
442899
444518
448496
452410
453856
454049
457863
458163
459290
461176
461771
462470
462472
463269
463316
465228
465312
465393
466680
467771
469135
469332
470989
471338
471560
472067
472936
473668
474424
475586
476115
476603
478045
478187
478860
479090
479158
479228
479767
480167
480920
480982
482414
482768
482813
482896
483422
483797
484395
484790
485987
486624
486942
486976
487515
488233
488374
488509
489053
489921
491942
491973
492847
493422
493561
493714
494101
494378
494973
495015
495540
496428
496732
498294
498376
498623
499293
499380
499509
499695
499871
499981
500209
501060
502478
502566
502664
503431
504483
505250
505926
506433
506578
506602
507555
507964
508216
508733
510564
510655
510929
511045
511239
511456
511791
512120
513040
513851
513974
514100
514243
514323
514413
515079
516355
516500
516501
516550
517102
517160
517661
517766
517842
518143
518187
518967
519184
520270
520311
520774
520823
521178
521278
521385
521716
521828
522181
522259
522623
522636
522676
523252
523314
523553
523591
524323
524325
524413
524717
524761
524860
524867
525295
525368
525866
525911
525988
526463
526627
526926
527100
527139
527161
527355
527401
527867
527920
528345
528529
528736
529080
529267
529366
529473
529747
529875
529935
530216
530340
530441
530496
530838
530946
531163
531433
531643
531955
532129
532399
532803
533118
533355
533476
533576
533659
533662
534225
534280
534294
534301
534609
534760
534983
535094
535173
535191
535385
535534
535712
535743
535861
536002
536007
536242
536463
536611
536898
537147
537244
537666
537796
537818
538276
538306
538545
538548
538579
538678
538705
538759
539236
539273
539426
539509
539631
539643
539689
539690
539979
540234
540346
540421
541535
541708
541768
542402
542533
542704
542779
542855
542866
542972
543527
543589
543621
543681
543731
543955
544018
544482
544496
544650
544707
544883
545180
545347
545455
545618
545656
545663
545668
545845
546031
546058
546186
546253
546367
546442
546635
546950
546974
547264
547349
547369
547471
547488
547616
547802
547826
548068
548287
548289
548467
548617
548789
548810
548851
548897
549008
549164
549273
549323
549329
549417
549549
549988
550146
550229
550530
550639
550817
551112
551137
551182
551200
551208
551414
551749
551867
552011
552416
552445
552516
553133
553231
553263
553390
553572
553903
553987
553988
554208
554247
554300
554330
554338
554521
554575
554713
554811
554949
555298
555472
555947
556000
556022
556074
556128
556342
556735
556800
556937
557210
557409
557618
557622
557850
558270
558335
558563
558740
558834
558953
559221
559416
559475
559529
559621
559795
559842
559896
560214
560277
560301
560367
560541
560542
560611
561360
561747
561775
561870
561994
562033
562072
562073
562412
562514
562522
562860
562986
563357
563497
563526
564472
564515
564548
564551
564649
564650
564734
564756
565002
565269
565525
565570
565681
565893
565940
565945
565975
566107
566342
566490
566722
566756
567278
567298
567476
567483
567484
567512
567523
567681
568047
568175
568180
568433
568625
569373
569494
569646
570031
570955
571262
571519
571789
572257
572467
572824
572851
573045
573453
574249
574251
574598
576378
576805
576951
577175
578564
579451
579630
579679
580008
580144
580177
580310
580441
580471
580748
580887
581300
582131
583191
583445
584273
586353
586378
586600
587180
587360
587430
587660
587802
588380
588496
588549
589749
590133
590302
591752
591901
593016
593258
593356
593497
593575
593877
594099
595794
596163
597026
597185
597870
597877
598162
598277
598854
599179
599225
599563
599661
600231
600231
600693
601395
601952
602259
602317
602397
602515
602627
603136
603210
603579
604021
605370
605653
605770
605789
605961
606246
606306
608486
609659
609803
610037
610435
611144
611492
611721
612735
612856
612899
613098
613388
614181
614272
614924
615047
615098
615320
616147
616879
617913
618570
618823
618963
619859
620337
620804
620972
621198
621241
622075
623000
623010
623050
623132
624330
625717
625749
626013
627021
627948
628158
628747
630608
630896
631501
632530
633391
633536
634570
636154
636161
637481
638834
639299
639763
640744
642764
644435
645271
645309
647433
647743
648011
648055
650440
650888
652024
652565
652815
655621
656671
660514
662075
662339
662634
663475
663587
666065
666511
667221
667390
668818
669463
669787
669991
673558
675713
676829
678276
686454
697851
699378
702554
703481
708397
713172
715080
715899
718395
719717
720235
721513
726385
742229
754010
49547
113442
145105
150935
162539
169154
181129
215884
216274
220033
220062
221612
221722
225528
227489
228508
228613
228952
230899
231661
233159
234993
236484
236537
238769
239550
239843
239996
240528
240542
248935
249419
251367
253532
253677
253850
253908
256888
257148
257155
257776
259017
259739
260053
260075
260291
262968
263625
263757
264060
264212
264805
265587
265934
265969
268152
272549
273917
275706
279276
288876
289428
294512
297436
297715
298065
300351
300451
301357
302617
305750
307668
311176
312961
315115
315461
315771
316277
317358
317462
317583
318874
319764
320269
321545
325064
335175
335968
339424
349065
353561
364958
365861
367919
375130
380119
384797
387277
387421
388259
389782
392995
393954
396667
397814
397910
402442
402451
405078
405253
406528
407960
408179
411456
416631
419044
423662
426675
427607
428012
428263
429844
430713
433056
434249
435280
437237
437849
438194
442632
442899
444518
448496
452410
453856
454049
457863
458163
459290
461176
461771
462470
462472
463269
463316
465228
465312
465393
466680
467771
469135
469332
470989
471338
471560
472067
472936
473668
474424
475586
476115
476603
478045
478187
478860
479090
479158
479228
479767
480167
480920
480982
482414
482768
482813
482896
483422
483797
484395
484790
485987
486624
486942
486976
487515
488233
488374
488509
489053
489921
491942
491973
492847
493422
493561
493714
494101
494378
494973
495015
495540
496428
496732
498294
498376
498623
499293
499380
499509
499695
499871
499981
500209
501060
502478
502566
502664
503431
504483
505250
505926
506433
506578
506602
507555
507964
508216
508733
510564
510655
510929
511045
511239
511456
511791
512120
513040
513851
513974
514100
514243
514323
514413
515079
516355
516500
516501
516550
517102
517160
517661
517766
517842
518143
518187
518967
519184
520270
520311
520774
520823
521178
521278
521385
521716
521828
522181
522259
522623
522636
522676
523252
523314
523553
523591
524323
524325
524413
524717
524761
524860
524867
525295
525368
525866
525911
525988
526463
526627
526926
527100
527139
527161
527355
527401
527867
527920
528345
528529
528736
529080
529267
529366
529473
529747
529875
529935
530216
530340
530441
530496
530838
530946
531163
531433
531643
531955
532129
532399
532803
533118
533355
533476
533576
533659
533662
534225
534280
534294
534301
534609
534760
534983
535094
535173
535191
535385
535534
535712
535743
535861
536002
536007
536242
536463
536611
536898
537147
537244
537666
537796
537818
538276
538306
538545
538548
538579
538678
538705
538759
539236
539273
539426
539509
539631
539643
539689
539690
539979
540234
540346
540421
541535
541708
541768
542402
542533
542704
542779
542855
542866
542972
543527
543589
543621
543681
543731
543955
544018
544482
544496
544650
544707
544883
545180
545347
545455
545618
545656
545663
545668
545845
546031
546058
546186
546253
546367
546442
546635
546950
546974
547264
547349
547369
547471
547488
547616
547802
547826
548068
548287
548289
548467
548617
548789
548810
548851
548897
549008
549164
549273
549323
549329
549417
549549
549988
550146
550229
550530
550639
550817
551112
551137
551182
551200
551208
551414
551749
551867
552011
552416
552445
552516
553133
553231
553263
553390
553572
553903
553987
553988
554208
554247
554300
554330
554338
554521
554575
554713
554811
554949
555298
555472
555947
556000
556022
556074
556128
556342
556735
556800
556937
557210
557409
557618
557622
557850
558270
558335
558563
558740
558834
558953
559221
559416
559475
559529
559621
559795
559842
559896
560214
560277
560301
560367
560541
560542
560611
561360
561747
561775
561870
561994
562033
562072
562073
562412
562514
562522
562860
562986
563357
563497
563526
564472
564515
564548
564551
564649
564650
564734
564756
565002
565269
565525
565570
565681
565893
565940
565945
565975
566107
566342
566490
566722
566756
567278
567298
567476
567483
567484
567512
567523
567681
568047
568175
568180
568433
568625
569373
569494
569646
570031
570955
571262
571519
571789
572257
572467
572824
572851
573045
573453
574249
574251
574598
576378
576805
576951
577175
578564
579451
579630
579679
580008
580144
580177
580310
580441
580471
580748
580887
581300
582131
583191
583445
584273
586353
586378
586600
587180
587360
587430
587660
587802
588380
588496
588549
589749
590133
590302
591752
591901
593016
593258
593356
593497
593575
593877
594099
595794
596163
597026
597185
597870
597877
598162
598277
598854
599179
599225
599563
599661
600231
600231
600693
601395
601952
602259
602317
602397
602515
602627
603136
603210
603579
604021
605370
605653
605770
605789
605961
606246
606306
608486
609659
609803
610037
610435
611144
611492
611721
612735
612856
612899
613098
613388
614181
614272
614924
615047
615098
615320
616147
616879
617913
618570
618823
618963
619859
620337
620804
620972
621198
621241
622075
623000
623010
623050
623132
624330
625717
625749
626013
627021
627948
628158
628747
630608
630896
631501
632530
633391
633536
634570
636154
636161
637481
638834
639299
639763
640744
642764
644435
645271
645309
647433
647743
648011
648055
650440
650888
652024
652565
652815
655621
656671
660514
662075
662339
662634
663475
663587
666065
666511
667221
667390
668818
669463
669787
669991
673558
675713
676829
678276
686454
697851
699378
702554
703481
708397
713172
715080
715899
718395
719717
720235
721513
726385
742229
754010
49547
113442
145105
150935
162539
169154
181129
215884
216274
220033
220062
221612
221722
225528
227489
228508
228613
228952
230899
231661
233159
234993
236484
236537
238769
239550
239843
239996
240528
240542
248935
249419
251367
253532
253677
253850
253908
256888
257148
257155
257776
259017
259739
260053
260075
260291
262968
263625
263757
264060
264212
264805
265587
265934
265969
268152
272549
273917
275706
279276
288876
289428
294512
297436
297715
298065
300351
300451
301357
302617
305750
307668
311176
312961
315115
315461
315771
316277
317358
317462
317583
318874
319764
320269
321545
325064
335175
335968
339424
349065
353561
364958
365861
367919
375130
380119
384797
387277
387421
388259
389782
392995
393954
396667
397814
397910
402442
402451
405078
405253
406528
407960
408179
411456
416631
419044
423662
426675
427607
428012
428263
429844
430713
433056
434249
435280
437237
437849
438194
442632
442899
444518
448496
452410
453856
454049
457863
458163
459290
461176
461771
462470
462472
463269
463316
465228
465312
465393
466680
467771
469135
469332
470989
471338
471560
472067
472936
473668
474424
475586
476115
476603
478045
478187
478860
479090
479158
479228
479767
480167
480920
480982
482414
482768
482813
482896
483422
483797
484395
484790
485987
486624
486942
486976
487515
488233
488374
488509
489053
489921
491942
491973
492847
493422
493561
493714
494101
494378
494973
495015
495540
496428
496732
498294
498376
498623
499293
499380
499509
499695
499871
499981
500209
501060
502478
502566
502664
503431
504483
505250
505926
506433
506578
506602
507555
507964
508216
508733
510564
510655
510929
511045
511239
511456
511791
512120
513040
513851
513974
514100
514243
514323
514413
515079
516355
516500
516501
516550
517102
517160
517661
517766
517842
518143
518187
518967
519184
520270
520311
520774
520823
521178
521278
521385
521716
521828
522181
522259
522623
522636
522676
523252
523314
523553
523591
524323
524325
524413
524717
524761
524860
524867
525295
525368
525866
525911
525988
526463
526627
526926
527100
527139
527161
527355
527401
527867
527920
528345
528529
528736
529080
529267
529366
529473
529747
529875
529935
530216
530340
530441
530496
530838
530946
531163
531433
531643
531955
532129
532399
532803
533118
533355
533476
533576
533659
533662
534225
534280
534294
534301
534609
534760
534983
535094
535173
535191
535385
535534
535712
535743
535861
536002
536007
536242
536463
536611
536898
537147
537244
537666
537796
537818
538276
538306
538545
538548
538579
538678
538705
538759
539236
539273
539426
539509
539631
539643
539689
539690
539979
540234
540346
540421
541535
541708
541768
542402
542533
542704
542779
542855
542866
542972
543527
543589
543621
543681
543731
543955
544018
544482
544496
544650
544707
544883
545180
545347
545455
545618
545656
545663
545668
545845
546031
546058
546186
546253
546367
546442
546635
546950
546974
547264
547349
547369
547471
547488
547616
547802
547826
548068
548287
548289
548467
548617
548789
548810
548851
548897
549008
549164
549273
549323
549329
549417
549549
549988
550146
550229
550530
550639
550817
551112
551137
551182
551200
551208
551414
551749
551867
552011
552416
552445
552516
553133
553231
553263
553390
553572
553903
553987
553988
554208
554247
554300
554330
554338
554521
554575
554713
554811
554949
555298
555472
555947
556000
556022
556074
556128
556342
556735
556800
556937
557210
557409
557618
557622
557850
558270
558335
558563
558740
558834
558953
559221
559416
559475
559529
559621
559795
559842
559896
560214
560277
560301
560367
560541
560542
560611
561360
561747
561775
561870
561994
562033
562072
562073
562412
562514
562522
562860
562986
563357
563497
563526
564472
564515
564548
564551
564649
564650
564734
564756
565002
565269
565525
565570
565681
565893
565940
565945
565975
566107
566342
566490
566722
566756
567278
567298
567476
567483
567484
567512
567523
567681
568047
568175
568180
568433
568625
569373
569494
569646
570031
570955
571262
571519
571789
572257
572467
572824
572851
573045
573453
574249
574251
574598
576378
576805
576951
577175
578564
579451
579630
579679
580008
580144
580177
580310
580441
580471
580748
580887
581300
582131
583191
583445
584273
586353
586378
586600
587180
587360
587430
587660
587802
588380
588496
588549
589749
590133
590302
591752
591901
593016
593258
593356
593497
593575
593877
594099
595794
596163
597026
597185
597870
597877
598162
598277
598854
599179
599225
599563
599661
600231
600231
600693
601395
601952
602259
602317
602397
602515
602627
603136
603210
603579
604021
605370
605653
605770
605789
605961
606246
606306
608486
609659
609803
610037
610435
611144
611492
611721
612735
612856
612899
613098
613388
614181
614272
614924
615047
615098
615320
616147
616879
617913
618570
618823
618963
619859
620337
620804
620972
621198
621241
622075
623000
623010
623050
623132
624330
625717
625749
626013
627021
627948
628158
628747
630608
630896
631501
632530
633391
633536
634570
636154
636161
637481
638834
639299
639763
640744
642764
644435
645271
645309
647433
647743
648011
648055
650440
650888
652024
652565
652815
655621
656671
660514
662075
662339
662634
663475
663587
666065
666511
667221
667390
668818
669463
669787
669991
673558
675713
676829
678276
686454
697851
699378
702554
703481
708397
713172
715080
715899
718395
719717
720235
721513
726385
742229
754010
49547
113442
145105
150935
162539
169154
181129
215884
216274
220033
220062
221612
221722
225528
227489
228508
228613
228952
230899
231661
233159
234993
236484
236537
238769
239550
239843
239996
240528
240542
248935
249419
251367
253532
253677
253850
253908
256888
257148
257155
257776
259017
259739
260053
260075
260291
262968
263625
263757
264060
264212
264805
265587
265934
265969
268152
272549
273917
275706
279276
288876
289428
294512
297436
297715
298065
300351
300451
301357
302617
305750
307668
311176
312961
315115
315461
315771
316277
317358
317462
317583
318874
319764
320269
321545
325064
335175
335968
339424
349065
353561
364958
365861
367919
375130
380119
384797
387277
387421
388259
389782
392995
393954
396667
397814
397910
402442
402451
405078
405253
406528
407960
408179
411456
416631
419044
423662
426675
427607
428012
428263
429844
430713
433056
434249
435280
437237
437849
438194
442632
442899
444518
448496
452410
453856
454049
457863
458163
459290
461176
461771
462470
462472
463269
463316
465228
465312
465393
466680
467771
469135
469332
470989
471338
471560
472067
472936
473668
474424
475586
476115
476603
478045
478187
478860
479090
479158
479228
479767
480167
480920
480982
482414
482768
482813
482896
483422
483797
484395
484790
485987
486624
486942
486976
487515
488233
488374
488509
489053
489921
491942
491973
492847
493422
493561
493714
494101
494378
494973
495015
495540
496428
496732
498294
498376
498623
499293
499380
499509
499695
499871
499981
500209
501060
502478
502566
502664
503431
504483
505250
505926
506433
506578
506602
507555
507964
508216
508733
510564
510655
510929
511045
511239
511456
511791
512120
513040
513851
513974
514100
514243
514323
514413
515079
516355
516500
516501
516550
517102
517160
517661
517766
517842
518143
518187
518967
519184
520270
520311
520774
520823
521178
521278
521385
521716
521828
522181
522259
522623
522636
522676
523252
523314
523553
523591
524323
524325
524413
524717
524761
524860
524867
525295
525368
525866
525911
525988
526463
526627
526926
527100
527139
527161
527355
527401
527867
527920
528345
528529
528736
529080
529267
529366
529473
529747
529875
529935
530216
530340
530441
530496
530838
530946
531163
531433
531643
531955
532129
532399
532803
533118
533355
533476
533576
533659
533662
534225
534280
534294
534301
534609
534760
534983
535094
535173
535191
535385
535534
535712
535743
535861
536002
536007
536242
536463
536611
536898
537147
537244
537666
537796
537818
538276
538306
538545
538548
538579
538678
538705
538759
539236
539273
539426
539509
539631
539643
539689
539690
539979
540234
540346
540421
541535
541708
541768
542402
542533
542704
542779
542855
542866
542972
543527
543589
543621
543681
543731
543955
544018
544482
544496
544650
544707
544883
545180
545347
545455
545618
545656
545663
545668
545845
546031
546058
546186
546253
546367
546442
546635
546950
546974
547264
547349
547369
547471
547488
547616
547802
547826
548068
548287
548289
548467
548617
548789
548810
548851
548897
549008
549164
549273
549323
549329
549417
549549
549988
550146
550229
550530
550639
550817
551112
551137
551182
551200
551208
551414
551749
551867
552011
552416
552445
552516
553133
553231
553263
553390
553572
553903
553987
553988
554208
554247
554300
554330
554338
554521
554575
554713
554811
554949
555298
555472
555947
556000
556022
556074
556128
556342
556735
556800
556937
557210
557409
557618
557622
557850
558270
558335
558563
558740
558834
558953
559221
559416
559475
559529
559621
559795
559842
559896
560214
560277
560301
560367
560541
560542
560611
561360
561747
561775
561870
561994
562033
562072
562073
562412
562514
562522
562860
562986
563357
563497
563526
564472
564515
564548
564551
564649
564650
564734
564756
565002
565269
565525
565570
565681
565893
565940
565945
565975
566107
566342
566490
566722
566756
567278
567298
567476
567483
567484
567512
567523
567681
568047
568175
568180
568433
568625
569373
569494
569646
570031
570955
571262
571519
571789
572257
572467
572824
572851
573045
573453
574249
574251
574598
576378
576805
576951
577175
578564
579451
579630
579679
580008
580144
580177
580310
580441
580471
580748
580887
581300
582131
583191
583445
584273
586353
586378
586600
587180
587360
587430
587660
587802
588380
588496
588549
589749
590133
590302
591752
591901
593016
593258
593356
593497
593575
593877
594099
595794
596163
597026
597185
597870
597877
598162
598277
598854
599179
599225
599563
599661
600231
600231
600693
601395
601952
602259
602317
602397
602515
602627
603136
603210
603579
604021
605370
605653
605770
605789
605961
606246
606306
608486
609659
609803
610037
610435
611144
611492
611721
612735
612856
612899
613098
613388
614181
614272
614924
615047
615098
615320
616147
616879
617913
618570
618823
618963
619859
620337
620804
620972
621198
621241
622075
623000
623010
623050
623132
624330
625717
625749
626013
627021
627948
628158
628747
630608
630896
631501
632530
633391
633536
634570
636154
636161
637481
638834
639299
639763
640744
642764
644435
645271
645309
647433
647743
648011
648055
650440
650888
652024
652565
652815
655621
656671
660514
662075
662339
662634
663475
663587
666065
666511
667221
667390
668818
669463
669787
669991
673558
675713
676829
678276
686454
697851
699378
702554
703481
708397
713172
715080
715899
718395
719717
720235
721513
726385
742229
754010
49547
113442
145105
150935
162539
169154
181129
215884
216274
220033
220062
221612
221722
225528
227489
228508
228613
228952
230899
231661
233159
234993
236484
236537
238769
239550
239843
239996
240528
240542
248935
249419
251367
253532
253677
253850
253908
256888
257148
257155
257776
259017
259739
260053
260075
260291
262968
263625
263757
264060
264212
264805
265587
265934
265969
268152
272549
273917
275706
279276
288876
289428
294512
297436
297715
298065
300351
300451
301357
302617
305750
307668
311176
312961
315115
315461
315771
316277
317358
317462
317583
318874
319764
320269
321545
325064
335175
335968
339424
349065
353561
364958
365861
367919
375130
380119
384797
387277
387421
388259
389782
392995
393954
396667
397814
397910
402442
402451
405078
405253
406528
407960
408179
411456
416631
419044
423662
426675
427607
428012
428263
429844
430713
433056
434249
435280
437237
437849
438194
442632
442899
444518
448496
452410
453856
454049
457863
458163
459290
461176
461771
462470
462472
463269
463316
465228
465312
465393
466680
467771
469135
469332
470989
471338
471560
472067
472936
473668
474424
475586
476115
476603
478045
478187
478860
479090
479158
479228
479767
480167
480920
480982
482414
482768
482813
482896
483422
483797
484395
484790
485987
486624
486942
486976
487515
488233
488374
488509
489053
489921
491942
491973
492847
493422
493561
493714
494101
494378
494973
495015
495540
496428
496732
498294
498376
498623
499293
499380
499509
499695
499871
499981
500209
501060
502478
502566
502664
503431
504483
505250
505926
506433
506578
506602
507555
507964
508216
508733
510564
510655
510929
511045
511239
511456
511791
512120
513040
513851
513974
514100
514243
514323
514413
515079
516355
516500
516501
516550
517102
517160
517661
517766
517842
518143
518187
518967
519184
520270
520311
520774
520823
521178
521278
521385
521716
521828
522181
522259
522623
522636
522676
523252
523314
523553
523591
524323
524325
524413
524717
524761
524860
524867
525295
525368
525866
525911
525988
526463
526627
526926
527100
527139
527161
527355
527401
527867
527920
528345
528529
528736
529080
529267
529366
529473
529747
529875
529935
530216
530340
530441
530496
530838
530946
531163
531433
531643
531955
532129
532399
532803
533118
533355
533476
533576
533659
533662
534225
534280
534294
534301
534609
534760
534983
535094
535173
535191
535385
535534
535712
535743
535861
536002
536007
536242
536463
536611
536898
537147
537244
537666
537796
537818
538276
538306
538545
538548
538579
538678
538705
538759
539236
539273
539426
539509
539631
539643
539689
539690
539979
540234
540346
540421
541535
541708
541768
542402
542533
542704
542779
542855
542866
542972
543527
543589
543621
543681
543731
543955
544018
544482
544496
544650
544707
544883
545180
545347
545455
545618
545656
545663
545668
545845
546031
546058
546186
546253
546367
546442
546635
546950
546974
547264
547349
547369
547471
547488
547616
547802
547826
548068
548287
548289
548467
548617
548789
548810
548851
548897
549008
549164
549273
549323
549329
549417
549549
549988
550146
550229
550530
550639
550817
551112
551137
551182
551200
551208
551414
551749
551867
552011
552416
552445
552516
553133
553231
553263
553390
553572
553903
553987
553988
554208
554247
554300
554330
554338
554521
554575
554713
554811
554949
555298
555472
555947
556000
556022
556074
556128
556342
556735
556800
556937
557210
557409
557618
557622
557850
558270
558335
558563
558740
558834
558953
559221
559416
559475
559529
559621
559795
559842
559896
560214
560277
560301
560367
560541
560542
560611
561360
561747
561775
561870
561994
562033
562072
562073
562412
562514
562522
562860
562986
563357
563497
563526
564472
564515
564548
564551
564649
564650
564734
564756
565002
565269
565525
565570
565681
565893
565940
565945
565975
566107
566342
566490
566722
566756
567278
567298
567476
567483
567484
567512
567523
567681
568047
568175
568180
568433
568625
569373
569494
569646
570031
570955
571262
571519
571789
572257
572467
572824
572851
573045
573453
574249
574251
574598
576378
576805
576951
577175
578564
579451
579630
579679
580008
580144
580177
580310
580441
580471
580748
580887
581300
582131
583191
583445
584273
586353
586378
586600
587180
587360
587430
587660
587802
588380
588496
588549
589749
590133
590302
591752
591901
593016
593258
593356
593497
593575
593877
594099
595794
596163
597026
597185
597870
597877
598162
598277
598854
599179
599225
599563
599661
600231
600231
600693
601395
601952
602259
602317
602397
602515
602627
603136
603210
603579
604021
605370
605653
605770
605789
605961
606246
606306
608486
609659
609803
610037
610435
611144
611492
611721
612735
612856
612899
613098
613388
614181
614272
614924
615047
615098
615320
616147
616879
617913
618570
618823
618963
619859
620337
620804
620972
621198
621241
622075
623000
623010
623050
623132
624330
625717
625749
626013
627021
627948
628158
628747
630608
630896
631501
632530
633391
633536
634570
636154
636161
637481
638834
639299
639763
640744
642764
644435
645271
645309
647433
647743
648011
648055
650440
650888
652024
652565
652815
655621
656671
660514
662075
662339
662634
663475
663587
666065
666511
667221
667390
668818
669463
669787
669991
673558
675713
676829
678276
686454
697851
699378
702554
703481
708397
713172
715080
715899
718395
719717
720235
721513
726385
742229
754010
49547
113442
145105
150935
162539
169154
181129
215884
216274
220033
220062
221612
221722
225528
227489
228508
228613
228952
230899
231661
233159
234993
236484
236537
238769
239550
239843
239996
240528
240542
248935
249419
251367
253532
253677
253850
253908
256888
257148
257155
257776
259017
259739
260053
260075
260291
262968
263625
263757
264060
264212
264805
265587
265934
265969
268152
272549
273917
275706
279276
288876
289428
294512
297436
297715
298065
300351
300451
301357
302617
305750
307668
311176
312961
315115
315461
315771
316277
317358
317462
317583
318874
319764
320269
321545
325064
335175
335968
339424
349065
353561
364958
365861
367919
375130
380119
384797
387277
387421
388259
389782
392995
393954
396667
397814
397910
402442
402451
405078
405253
406528
407960
408179
411456
416631
419044
423662
426675
427607
428012
428263
429844
430713
433056
434249
435280
437237
437849
438194
442632
442899
444518
448496
452410
453856
454049
457863
458163
459290
461176
461771
462470
462472
463269
463316
465228
465312
465393
466680
467771
469135
469332
470989
471338
471560
472067
472936
473668
474424
475586
476115
476603
478045
478187
478860
479090
479158
479228
479767
480167
480920
480982
482414
482768
482813
482896
483422
483797
484395
484790
485987
486624
486942
486976
487515
488233
488374
488509
489053
489921
491942
491973
492847
493422
493561
493714
494101
494378
494973
495015
495540
496428
496732
498294
498376
498623
499293
499380
499509
499695
499871
499981
500209
501060
502478
502566
502664
503431
504483
505250
505926
506433
506578
506602
507555
507964
508216
508733
510564
510655
510929
511045
511239
511456
511791
512120
513040
513851
513974
514100
514243
514323
514413
515079
516355
516500
516501
516550
517102
517160
517661
517766
517842
518143
518187
518967
519184
520270
520311
520774
520823
521178
521278
521385
521716
521828
522181
522259
522623
522636
522676
523252
523314
523553
523591
524323
524325
524413
524717
524761
524860
524867
525295
525368
525866
525911
525988
526463
526627
526926
527100
527139
527161
527355
527401
527867
527920
528345
528529
528736
529080
529267
529366
529473
529747
529875
529935
530216
530340
530441
530496
530838
530946
531163
531433
531643
531955
532129
532399
532803
533118
533355
533476
533576
533659
533662
534225
534280
534294
534301
534609
534760
534983
535094
535173
535191
535385
535534
535712
535743
535861
536002
536007
536242
536463
536611
536898
537147
537244
537666
537796
537818
538276
538306
538545
538548
538579
538678
538705
538759
539236
539273
539426
539509
539631
539643
539689
539690
539979
540234
540346
540421
541535
541708
541768
542402
542533
542704
542779
542855
542866
542972
543527
543589
543621
543681
543731
543955
544018
544482
544496
544650
544707
544883
545180
545347
545455
545618
545656
545663
545668
545845
546031
546058
546186
546253
546367
546442
546635
546950
546974
547264
547349
547369
547471
547488
547616
547802
547826
548068
548287
548289
548467
548617
548789
548810
548851
548897
549008
549164
549273
549323
549329
549417
549549
549988
550146
550229
550530
550639
550817
551112
551137
551182
551200
551208
551414
551749
551867
552011
552416
552445
552516
553133
553231
553263
553390
553572
553903
553987
553988
554208
554247
554300
554330
554338
554521
554575
554713
554811
554949
555298
555472
555947
556000
556022
556074
556128
556342
556735
556800
556937
557210
557409
557618
557622
557850
558270
558335
558563
558740
558834
558953
559221
559416
559475
559529
559621
559795
559842
559896
560214
560277
560301
560367
560541
560542
560611
561360
561747
561775
561870
561994
562033
562072
562073
562412
562514
562522
562860
562986
563357
563497
563526
564472
564515
564548
564551
564649
564650
564734
564756
565002
565269
565525
565570
565681
565893
565940
565945
565975
566107
566342
566490
566722
566756
567278
567298
567476
567483
567484
567512
567523
567681
568047
568175
568180
568433
568625
569373
569494
569646
570031
570955
571262
571519
571789
572257
572467
572824
572851
573045
573453
574249
574251
574598
576378
576805
576951
577175
578564
579451
579630
579679
580008
580144
580177
580310
580441
580471
580748
580887
581300
582131
583191
583445
584273
586353
586378
586600
587180
587360
587430
587660
587802
588380
588496
588549
589749
590133
590302
591752
591901
593016
593258
593356
593497
593575
593877
594099
595794
596163
597026
597185
597870
597877
598162
598277
598854
599179
599225
599563
599661
600231
600231
600693
601395
601952
602259
602317
602397
602515
602627
603136
603210
603579
604021
605370
605653
605770
605789
605961
606246
606306
608486
609659
609803
610037
610435
611144
611492
611721
612735
612856
612899
613098
613388
614181
614272
614924
615047
615098
615320
616147
616879
617913
618570
618823
618963
619859
620337
620804
620972
621198
621241
622075
623000
623010
623050
623132
624330
625717
625749
626013
627021
627948
628158
628747
630608
630896
631501
632530
633391
633536
634570
636154
636161
637481
638834
639299
639763
640744
642764
644435
645271
645309
647433
647743
648011
648055
650440
650888
652024
652565
652815
655621
656671
660514
662075
662339
662634
663475
663587
666065
666511
667221
667390
668818
669463
669787
669991
673558
675713
676829
678276
686454
697851
699378
702554
703481
708397
713172
715080
715899
718395
719717
720235
721513
726385
742229
754010
49547
113442
145105
150935
162539
169154
181129
215884
216274
220033
220062
221612
221722
225528
227489
228508
228613
228952
230899
231661
233159
234993
236484
236537
238769
239550
239843
239996
240528
240542
248935
249419
251367
253532
253677
253850
253908
256888
257148
257155
257776
259017
259739
260053
260075
260291
262968
263625
263757
264060
264212
264805
265587
265934
265969
268152
272549
273917
275706
279276
288876
289428
294512
297436
297715
298065
300351
300451
301357
302617
305750
307668
311176
312961
315115
315461
315771
316277
317358
317462
317583
318874
319764
320269
321545
325064
335175
335968
339424
349065
353561
364958
365861
367919
375130
380119
384797
387277
387421
388259
389782
392995
393954
396667
397814
397910
402442
402451
405078
405253
406528
407960
408179
411456
416631
419044
423662
426675
427607
428012
428263
429844
430713
433056
434249
435280
437237
437849
438194
442632
442899
444518
448496
452410
453856
454049
457863
458163
459290
461176
461771
462470
462472
463269
463316
465228
465312
465393
466680
467771
469135
469332
470989
471338
471560
472067
472936
473668
474424
475586
476115
476603
478045
478187
478860
479090
479158
479228
479767
480167
480920
480982
482414
482768
482813
482896
483422
483797
484395
484790
485987
486624
486942
486976
487515
488233
488374
488509
489053
489921
491942
491973
492847
493422
493561
493714
494101
494378
494973
495015
495540
496428
496732
498294
498376
498623
499293
499380
499509
499695
499871
499981
500209
501060
502478
502566
502664
503431
504483
505250
505926
506433
506578
506602
507555
507964
508216
508733
510564
510655
510929
511045
511239
511456
511791
512120
513040
513851
513974
514100
514243
514323
514413
515079
516355
516500
516501
516550
517102
517160
517661
517766
517842
518143
518187
518967
519184
520270
520311
520774
520823
521178
521278
521385
521716
521828
522181
522259
522623
522636
522676
523252
523314
523553
523591
524323
524325
524413
524717
524761
524860
524867
525295
525368
525866
525911
525988
526463
526627
526926
527100
527139
527161
527355
527401
527867
527920
528345
528529
528736
529080
529267
529366
529473
529747
529875
529935
530216
530340
530441
530496
530838
530946
531163
531433
531643
531955
532129
532399
532803
533118
533355
533476
533576
533659
533662
534225
534280
534294
534301
534609
534760
534983
535094
535173
535191
535385
535534
535712
535743
535861
536002
536007
536242
536463
536611
536898
537147
537244
537666
537796
537818
538276
538306
538545
538548
538579
538678
538705
538759
539236
539273
539426
539509
539631
539643
539689
539690
539979
540234
540346
540421
541535
541708
541768
542402
542533
542704
542779
542855
542866
542972
543527
543589
543621
543681
543731
543955
544018
544482
544496
544650
544707
544883
545180
545347
545455
545618
545656
545663
545668
545845
546031
546058
546186
546253
546367
546442
546635
546950
546974
547264
547349
547369
547471
547488
547616
547802
547826
548068
548287
548289
548467
548617
548789
548810
548851
548897
549008
549164
549273
549323
549329
549417
549549
549988
550146
550229
550530
550639
550817
551112
551137
551182
551200
551208
551414
551749
551867
552011
552416
552445
552516
553133
553231
553263
553390
553572
553903
553987
553988
554208
554247
554300
554330
554338
554521
554575
554713
554811
554949
555298
555472
555947
556000
556022
556074
556128
556342
556735
556800
556937
557210
557409
557618
557622
557850
558270
558335
558563
558740
558834
558953
559221
559416
559475
559529
559621
559795
559842
559896
560214
560277
560301
560367
560541
560542
560611
561360
561747
561775
561870
561994
562033
562072
562073
562412
562514
562522
562860
562986
563357
563497
563526
564472
564515
564548
564551
564649
564650
564734
564756
565002
565269
565525
565570
565681
565893
565940
565945
565975
566107
566342
566490
566722
566756
567278
567298
567476
567483
567484
567512
567523
567681
568047
568175
568180
568433
568625
569373
569494
569646
570031
570955
571262
571519
571789
572257
572467
572824
572851
573045
573453
574249
574251
574598
576378
576805
576951
577175
578564
579451
579630
579679
580008
580144
580177
580310
580441
580471
580748
580887
581300
582131
583191
583445
584273
586353
586378
586600
587180
587360
587430
587660
587802
588380
588496
588549
589749
590133
590302
591752
591901
593016
593258
593356
593497
593575
593877
594099
595794
596163
597026
597185
597870
597877
598162
598277
598854
599179
599225
599563
599661
600231
600231
600693
601395
601952
602259
602317
602397
602515
602627
603136
603210
603579
604021
605370
605653
605770
605789
605961
606246
606306
608486
609659
609803
610037
610435
611144
611492
611721
612735
612856
612899
613098
613388
614181
614272
614924
615047
615098
615320
616147
616879
617913
618570
618823
618963
619859
620337
620804
620972
621198
621241
622075
623000
623010
623050
623132
624330
625717
625749
626013
627021
627948
628158
628747
630608
630896
631501
632530
633391
633536
634570
636154
636161
637481
638834
639299
639763
640744
642764
644435
645271
645309
647433
647743
648011
648055
650440
650888
652024
652565
652815
655621
656671
660514
662075
662339
662634
663475
663587
666065
666511
667221
667390
668818
669463
669787
669991
673558
675713
676829
678276
686454
697851
699378
702554
703481
708397
713172
715080
715899
718395
719717
720235
721513
726385
742229
754010
